[[193, 236, 254, 250, 'person'],[30, 292, 123, 306, 'diningtable'],[175, 655, 230, 669, 'laptop']]
[[14, 605, 107, 619, 'diningtable'],[145, 655, 200, 669, 'laptop']]
[[15, 602, 108, 616, 'diningtable'],[145, 654, 200, 668, 'laptop']]
[[146, 16, 207, 30, 'person'],[4, 576, 97, 590, 'diningtable'],[154, 648, 209, 662, 'laptop']]
[[537, 383, 598, 397, 'person'],[50, 608, 143, 622, 'diningtable']]
[[17, 602, 110, 616, 'diningtable']]
[[0, 567, 61, 581, 'person'],[209, 680, 264, 694, 'laptop']]
[[9, 601, 102, 615, 'diningtable']]
[[438, 77, 499, 91, 'person'],[2, 599, 95, 613, 'diningtable']]
[[220, 8, 281, 22, 'person'],[19, 540, 112, 554, 'diningtable']]
[[432, 385, 493, 399, 'person'],[21, 547, 114, 561, 'diningtable']]
[[402, 249, 463, 263, 'person'],[20, 547, 113, 561, 'diningtable']]
[[31, 587, 124, 601, 'diningtable']]
[[0, 564, 61, 578, 'person'],[230, 684, 285, 698, 'laptop']]
[[200, 20, 261, 34, 'person'],[1, 677, 46, 691, 'chair'],[31, 537, 124, 551, 'diningtable']]
[[0, 490, 61, 504, 'person']]
[[21, 569, 82, 583, 'person'],[234, 682, 289, 696, 'laptop']]
[[222, 62, 283, 76, 'person'],[14, 574, 107, 588, 'diningtable'],[168, 649, 223, 663, 'laptop']]
[[238, 75, 299, 89, 'person'],[20, 589, 113, 603, 'diningtable'],[164, 650, 219, 664, 'laptop']]
[[135, 303, 196, 317, 'person'],[85, 0, 146, 14, 'person'],[3, 611, 96, 625, 'diningtable']]
[[321, 29, 382, 43, 'person'],[0, 545, 93, 559, 'diningtable']]
[[5, 469, 66, 483, 'person']]
[[88, 0, 149, 14, 'person'],[18, 606, 111, 620, 'diningtable'],[157, 646, 212, 660, 'laptop']]
[[31, 583, 92, 597, 'person'],[245, 682, 300, 696, 'laptop']]
[[172, 296, 233, 310, 'person'],[117, 3, 178, 17, 'person'],[6, 581, 99, 595, 'diningtable']]
[[616, 303, 677, 317, 'person']]
[[269, 248, 330, 262, 'person']]
[[9, 604, 102, 618, 'diningtable']]
[[480, 69, 541, 83, 'person'],[1, 599, 94, 613, 'diningtable']]
[[354, 216, 415, 230, 'person'],[15, 552, 108, 566, 'diningtable']]
[[13, 549, 74, 563, 'person']]
[[418, 148, 479, 162, 'person'],[9, 603, 102, 617, 'diningtable'],[146, 664, 201, 678, 'laptop']]
[[0, 576, 61, 590, 'person'],[209, 682, 264, 696, 'laptop']]
[[10, 602, 103, 616, 'diningtable']]
[[539, 169, 600, 183, 'person'],[11, 588, 104, 602, 'diningtable'],[147, 654, 202, 668, 'laptop']]
[[261, 250, 322, 264, 'person']]
[[254, 255, 315, 269, 'person']]
[[471, 144, 532, 158, 'person'],[13, 603, 106, 617, 'diningtable'],[145, 662, 200, 676, 'laptop']]
[[423, 429, 484, 443, 'person'],[13, 600, 106, 614, 'diningtable'],[174, 655, 229, 669, 'laptop']]
[[519, 52, 580, 66, 'person'],[420, 351, 481, 365, 'person'],[28, 612, 121, 626, 'diningtable'],[170, 653, 225, 667, 'laptop'],[94, 594, 149, 608, 'laptop']]
[[2, 444, 63, 458, 'person'],[55, 498, 141, 512, 'surfboard']]
[[165, 280, 226, 294, 'person']]
[[15, 605, 108, 619, 'diningtable'],[144, 652, 199, 666, 'laptop']]
[[574, 122, 635, 136, 'person']]
[[93, 63, 154, 77, 'person'],[22, 594, 115, 608, 'diningtable']]
[[389, 93, 450, 107, 'person'],[0, 600, 93, 614, 'diningtable']]
[[85, 45, 146, 59, 'person'],[18, 598, 111, 612, 'diningtable'],[156, 647, 211, 661, 'laptop']]
[[286, 45, 347, 59, 'person'],[6, 543, 99, 557, 'diningtable']]
[[8, 603, 101, 617, 'diningtable']]
[[530, 28, 591, 42, 'person'],[13, 553, 106, 567, 'diningtable']]
[[13, 579, 74, 593, 'person'],[212, 680, 267, 694, 'laptop']]
[[382, 90, 443, 104, 'person'],[0, 551, 93, 565, 'diningtable']]
[[18, 578, 79, 592, 'person'],[212, 681, 267, 695, 'laptop']]
[[170, 279, 231, 293, 'person'],[0, 606, 86, 620, 'surfboard']]
[[510, 194, 571, 208, 'person'],[9, 583, 102, 597, 'diningtable'],[148, 652, 203, 666, 'laptop']]
[[0, 576, 61, 590, 'person'],[209, 683, 264, 697, 'laptop']]
[[314, 20, 375, 34, 'person'],[2, 585, 95, 599, 'diningtable'],[162, 647, 217, 661, 'laptop']]
[[40, 592, 101, 606, 'person'],[250, 686, 305, 700, 'laptop']]
[[0, 566, 61, 580, 'person'],[217, 680, 272, 694, 'laptop']]
[[465, 242, 526, 256, 'person'],[460, 0, 521, 14, 'person'],[11, 584, 104, 598, 'diningtable'],[148, 650, 203, 664, 'laptop']]
[[12, 605, 105, 619, 'diningtable'],[146, 651, 201, 665, 'laptop']]
[[300, 183, 361, 197, 'person'],[13, 610, 106, 624, 'diningtable'],[178, 653, 233, 667, 'laptop']]
[[292, 40, 353, 54, 'person'],[6, 545, 99, 559, 'diningtable']]
[[85, 610, 146, 624, 'person'],[306, 679, 361, 693, 'laptop']]
[[143, 359, 204, 373, 'person']]
[[162, 297, 223, 311, 'person'],[146, 0, 207, 14, 'person'],[15, 561, 108, 575, 'diningtable']]
[[2, 384, 63, 398, 'person'],[38, 480, 124, 494, 'surfboard']]
[[420, 402, 481, 416, 'person'],[17, 604, 110, 618, 'diningtable'],[171, 655, 226, 669, 'laptop']]
[[130, 238, 191, 252, 'person']]
[[521, 47, 582, 61, 'person'],[425, 377, 486, 391, 'person'],[24, 610, 117, 624, 'diningtable'],[170, 652, 225, 666, 'laptop']]
[[122, 374, 183, 388, 'person']]
[[185, 15, 246, 29, 'person'],[5, 581, 98, 595, 'diningtable'],[156, 646, 211, 660, 'laptop']]
[[293, 98, 354, 112, 'person'],[22, 599, 115, 613, 'diningtable'],[163, 658, 218, 672, 'laptop']]
[[255, 260, 316, 274, 'person']]
[[335, 30, 396, 44, 'person'],[15, 573, 108, 587, 'diningtable'],[166, 649, 221, 663, 'laptop']]
[[6, 571, 67, 585, 'person'],[223, 681, 278, 695, 'laptop']]
[[11, 569, 72, 583, 'person']]
[[151, 68, 212, 82, 'person'],[25, 584, 118, 598, 'diningtable'],[162, 645, 217, 659, 'laptop']]
[[610, 301, 655, 315, 'chair']]
[[126, 256, 187, 270, 'person']]
[[332, 130, 393, 144, 'person'],[0, 588, 93, 602, 'diningtable'],[164, 661, 219, 675, 'laptop']]
[[145, 329, 206, 343, 'person'],[136, 0, 197, 14, 'person'],[17, 566, 110, 580, 'diningtable']]
[[12, 553, 73, 567, 'person']]
[[120, 384, 181, 398, 'person']]
[[147, 353, 208, 367, 'person']]
[[0, 550, 93, 564, 'diningtable']]
[[4, 571, 65, 585, 'person']]
[[11, 261, 72, 275, 'person']]
[[27, 469, 88, 483, 'person']]
[[0, 561, 61, 575, 'person'],[224, 683, 279, 697, 'laptop']]
[[40, 452, 101, 466, 'person']]
[[141, 360, 202, 374, 'person']]
[[31, 586, 124, 600, 'diningtable']]
[[384, 243, 445, 257, 'person'],[363, 0, 424, 14, 'person'],[16, 602, 109, 616, 'diningtable'],[156, 648, 211, 662, 'laptop']]
[[484, 90, 545, 104, 'person'],[6, 600, 99, 614, 'diningtable']]
[[194, 4, 255, 18, 'person'],[0, 676, 45, 690, 'chair'],[36, 533, 129, 547, 'diningtable']]
[[12, 600, 105, 614, 'diningtable'],[146, 653, 201, 667, 'laptop']]
[[0, 573, 61, 587, 'person'],[209, 678, 264, 692, 'laptop']]
[[617, 334, 678, 348, 'person']]
[[350, 48, 411, 62, 'person'],[0, 546, 93, 560, 'diningtable']]
[[213, 297, 274, 311, 'person'],[6, 572, 99, 586, 'diningtable'],[206, 631, 261, 645, 'laptop']]
[[18, 466, 79, 480, 'person']]
[[6, 463, 67, 477, 'person']]
[[33, 470, 94, 484, 'person']]
[[8, 595, 69, 609, 'person']]
[[173, 64, 234, 78, 'person'],[23, 587, 116, 601, 'diningtable'],[162, 645, 217, 659, 'laptop']]
[[16, 603, 109, 617, 'diningtable']]
[[336, 36, 397, 50, 'person'],[0, 583, 93, 597, 'diningtable'],[166, 647, 221, 661, 'laptop']]
[[14, 581, 75, 595, 'person']]
[[14, 557, 107, 571, 'diningtable']]
[[574, 186, 635, 200, 'person']]
[[8, 562, 69, 576, 'person']]
[[110, 263, 171, 277, 'person']]
[[505, 318, 566, 332, 'person'],[524, 16, 585, 30, 'person'],[5, 581, 98, 595, 'diningtable'],[147, 652, 202, 666, 'laptop']]
[[311, 118, 372, 132, 'person'],[9, 592, 102, 606, 'diningtable'],[164, 661, 219, 675, 'laptop']]
[[35, 583, 128, 597, 'diningtable']]
[[565, 132, 626, 146, 'person'],[8, 601, 101, 615, 'diningtable']]
[[0, 571, 61, 585, 'person'],[208, 680, 263, 694, 'laptop']]
[[520, 55, 581, 69, 'person'],[405, 466, 466, 480, 'person'],[23, 610, 116, 624, 'diningtable'],[171, 653, 226, 667, 'laptop'],[89, 591, 144, 605, 'laptop']]
[[22, 586, 83, 600, 'person'],[237, 681, 321, 695, 'tvmonitor']]
[[540, 133, 601, 147, 'person'],[7, 580, 100, 594, 'diningtable'],[157, 653, 212, 667, 'laptop']]
[[603, 280, 664, 294, 'person']]
[[3, 715, 48, 729, 'chair'],[44, 550, 137, 564, 'diningtable']]
[[4, 679, 49, 693, 'chair'],[48, 544, 141, 558, 'diningtable']]
[[566, 460, 627, 474, 'person'],[0, 558, 93, 572, 'diningtable']]
[[11, 604, 104, 618, 'diningtable'],[145, 653, 200, 667, 'laptop']]
[[9, 600, 102, 614, 'diningtable']]
[[32, 586, 125, 600, 'diningtable']]
[[16, 602, 109, 616, 'diningtable'],[145, 654, 200, 668, 'laptop']]
[[1, 567, 62, 581, 'person'],[213, 680, 268, 694, 'laptop']]
[[1, 567, 62, 581, 'person'],[219, 679, 274, 693, 'laptop']]
[[268, 318, 329, 332, 'person'],[0, 577, 93, 591, 'diningtable'],[263, 610, 318, 624, 'laptop']]
[[382, 238, 443, 252, 'person'],[360, 0, 421, 14, 'person'],[18, 607, 111, 621, 'diningtable'],[158, 646, 213, 660, 'laptop']]
[[38, 587, 131, 601, 'diningtable']]
[[129, 360, 190, 374, 'person']]
[[16, 604, 109, 618, 'diningtable'],[145, 654, 200, 668, 'laptop']]
[[62, 231, 123, 245, 'person']]
[[146, 19, 207, 33, 'person'],[8, 578, 101, 592, 'diningtable'],[153, 647, 208, 661, 'laptop']]
[[623, 365, 684, 379, 'person']]
[[294, 252, 355, 266, 'person'],[245, 0, 306, 14, 'person'],[0, 585, 93, 599, 'diningtable'],[149, 648, 204, 662, 'laptop']]
[[7, 680, 52, 694, 'chair'],[42, 546, 135, 560, 'diningtable']]
[[650, 479, 711, 493, 'person'],[11, 604, 104, 618, 'diningtable']]
[[269, 40, 330, 54, 'person'],[9, 541, 102, 555, 'diningtable']]
[[450, 150, 511, 164, 'person'],[9, 603, 102, 617, 'diningtable'],[145, 663, 200, 677, 'laptop']]
[[571, 117, 632, 131, 'person'],[6, 603, 99, 617, 'diningtable']]
[[575, 187, 636, 201, 'person']]
[[297, 40, 358, 54, 'person'],[2, 581, 95, 595, 'diningtable'],[160, 645, 215, 659, 'laptop']]
[[2, 555, 63, 569, 'person'],[229, 681, 284, 695, 'laptop']]
[[10, 605, 103, 619, 'diningtable']]
[[425, 150, 486, 164, 'person'],[6, 602, 99, 616, 'diningtable'],[145, 665, 200, 679, 'laptop']]
[[140, 361, 201, 375, 'person']]
[[539, 192, 600, 206, 'person'],[15, 583, 108, 597, 'diningtable'],[148, 656, 203, 670, 'laptop']]
[[9, 577, 70, 591, 'person'],[211, 683, 266, 697, 'laptop']]
[[152, 346, 213, 360, 'person']]
[[69, 25, 130, 39, 'person'],[15, 601, 108, 615, 'diningtable'],[145, 651, 200, 665, 'laptop']]
[[418, 36, 479, 50, 'person'],[0, 582, 93, 596, 'diningtable'],[171, 650, 226, 664, 'laptop']]
[[252, 35, 313, 49, 'person'],[12, 541, 105, 555, 'diningtable']]
[[7, 501, 68, 515, 'person']]
[[14, 597, 107, 611, 'diningtable'],[147, 652, 202, 666, 'laptop']]
[[304, 45, 365, 59, 'person'],[0, 540, 93, 554, 'diningtable']]
[[299, 109, 360, 123, 'person'],[26, 605, 119, 619, 'diningtable'],[162, 657, 217, 671, 'laptop']]
[[335, 42, 396, 56, 'person'],[0, 548, 93, 562, 'diningtable']]
[[453, 249, 514, 263, 'person'],[36, 604, 129, 618, 'diningtable']]
[[0, 558, 93, 572, 'diningtable']]
[[283, 302, 344, 316, 'person'],[0, 574, 93, 588, 'diningtable'],[273, 605, 328, 619, 'laptop']]
[[479, 149, 540, 163, 'person'],[12, 603, 105, 617, 'diningtable'],[144, 662, 199, 676, 'laptop']]
[[4, 286, 65, 300, 'person']]
[[4, 560, 65, 574, 'person'],[230, 683, 285, 697, 'laptop']]
[[9, 602, 102, 616, 'diningtable']]
[[369, 73, 430, 87, 'person'],[0, 548, 93, 562, 'diningtable']]
[[345, 243, 406, 257, 'person']]
[[505, 296, 566, 310, 'person'],[502, 0, 563, 14, 'person'],[8, 582, 101, 596, 'diningtable'],[148, 652, 203, 666, 'laptop']]
[[108, 232, 169, 246, 'person']]
[[367, 240, 428, 254, 'person'],[276, 977, 321, 991, 'knife']]
[[261, 42, 322, 56, 'person'],[7, 541, 100, 555, 'diningtable']]
[[16, 598, 109, 612, 'diningtable']]
[[12, 604, 105, 618, 'diningtable'],[145, 656, 200, 670, 'laptop']]
[[0, 555, 93, 569, 'diningtable']]
[[41, 582, 102, 596, 'person'],[246, 685, 301, 699, 'laptop']]
[[34, 585, 127, 599, 'diningtable']]
[[452, 230, 513, 244, 'person'],[431, 1, 492, 15, 'person'],[9, 589, 102, 603, 'diningtable'],[148, 650, 203, 664, 'laptop']]
[[31, 570, 124, 584, 'diningtable']]
[[133, 295, 194, 309, 'person'],[72, 0, 133, 14, 'person'],[30, 627, 123, 641, 'diningtable']]
[[432, 232, 493, 246, 'person'],[30, 611, 123, 625, 'diningtable']]
[[143, 295, 204, 309, 'person'],[70, 36, 131, 50, 'person']]
[[417, 422, 478, 436, 'person'],[418, 510, 463, 524, 'chair'],[13, 603, 106, 617, 'diningtable'],[172, 653, 227, 667, 'laptop']]
[[314, 123, 375, 137, 'person'],[18, 609, 111, 623, 'diningtable'],[165, 660, 220, 674, 'laptop']]
[[88, 0, 149, 14, 'person'],[18, 604, 111, 618, 'diningtable'],[157, 645, 212, 659, 'laptop']]
[[199, 9, 260, 23, 'person'],[0, 672, 45, 686, 'chair'],[33, 533, 126, 547, 'diningtable']]
[[45, 234, 106, 248, 'person']]
[[28, 592, 121, 606, 'diningtable']]
[[132, 359, 193, 373, 'person']]
[[13, 594, 106, 608, 'diningtable'],[156, 650, 211, 664, 'laptop']]
[[547, 100, 608, 114, 'person']]
[[101, 258, 162, 272, 'person'],[86, 656, 172, 670, 'surfboard']]
[[1, 563, 62, 577, 'person'],[218, 679, 273, 693, 'laptop']]
[[6, 604, 99, 618, 'diningtable']]
[[413, 196, 474, 210, 'person'],[6, 605, 99, 619, 'diningtable'],[176, 656, 231, 670, 'laptop']]
[[424, 210, 485, 224, 'person'],[352, 0, 413, 14, 'person'],[15, 583, 108, 597, 'diningtable'],[147, 652, 202, 666, 'laptop']]
[[200, 14, 261, 28, 'person'],[2, 682, 47, 696, 'chair'],[42, 547, 135, 561, 'diningtable']]
[[195, 269, 256, 283, 'person']]
[[2, 578, 63, 592, 'person'],[211, 682, 266, 696, 'laptop']]
[[146, 9, 207, 23, 'person'],[0, 581, 93, 595, 'diningtable'],[154, 647, 209, 661, 'laptop']]
[[550, 504, 611, 518, 'person'],[12, 552, 105, 566, 'diningtable']]
[[208, 1, 269, 15, 'person'],[2, 693, 47, 707, 'chair'],[57, 542, 150, 556, 'diningtable']]
[[81, 590, 142, 604, 'person'],[284, 686, 339, 700, 'laptop']]
[[10, 625, 71, 639, 'person']]
[[488, 53, 549, 67, 'person'],[556, 466, 617, 480, 'person'],[5, 577, 98, 591, 'diningtable'],[169, 652, 224, 666, 'laptop']]
[[333, 154, 394, 168, 'person'],[0, 587, 93, 601, 'diningtable'],[163, 663, 218, 677, 'laptop']]
[[65, 239, 126, 253, 'person']]
[[208, 21, 269, 35, 'person'],[20, 577, 113, 591, 'diningtable'],[157, 648, 212, 662, 'laptop']]
[[12, 602, 105, 616, 'diningtable']]
[[11, 606, 104, 620, 'diningtable'],[144, 652, 199, 666, 'laptop']]
[[537, 142, 598, 156, 'person'],[9, 579, 102, 593, 'diningtable'],[145, 656, 200, 670, 'laptop']]
[[15, 578, 76, 592, 'person'],[213, 681, 268, 695, 'laptop']]
[[9, 601, 102, 615, 'diningtable']]
[[361, 34, 422, 48, 'person'],[0, 575, 93, 589, 'diningtable'],[169, 652, 224, 666, 'laptop']]
[[83, 426, 144, 440, 'person']]
[[205, 25, 266, 39, 'person'],[1, 711, 46, 725, 'chair'],[47, 547, 140, 561, 'diningtable']]
[[24, 587, 85, 601, 'person'],[281, 706, 336, 720, 'laptop']]
[[308, 260, 369, 274, 'person'],[270, 0, 331, 14, 'person'],[0, 603, 93, 617, 'diningtable'],[85, 596, 140, 610, 'laptop'],[147, 649, 202, 663, 'laptop']]
[[41, 591, 134, 605, 'diningtable']]
[[91, 45, 152, 59, 'person'],[22, 599, 115, 613, 'diningtable'],[159, 648, 214, 662, 'laptop']]
[[170, 294, 231, 308, 'person'],[22, 599, 115, 613, 'diningtable']]
[[62, 589, 123, 603, 'person'],[278, 682, 333, 696, 'laptop']]
[[379, 215, 440, 229, 'person'],[23, 602, 116, 616, 'diningtable']]
[[83, 41, 144, 55, 'person'],[19, 598, 112, 612, 'diningtable'],[156, 646, 211, 660, 'laptop']]
[[539, 159, 600, 173, 'person'],[16, 583, 109, 597, 'diningtable'],[148, 654, 203, 668, 'laptop']]
[[0, 559, 61, 573, 'person'],[227, 685, 282, 699, 'laptop']]
[[31, 589, 124, 603, 'diningtable']]
[[6, 393, 67, 407, 'person'],[25, 477, 111, 491, 'surfboard']]
[[557, 109, 618, 123, 'person'],[4, 602, 97, 616, 'diningtable']]
[[547, 273, 608, 287, 'person'],[44, 611, 137, 625, 'diningtable']]
[[325, 14, 386, 28, 'person'],[4, 584, 97, 598, 'diningtable'],[162, 648, 217, 662, 'laptop']]
[[205, 309, 266, 323, 'person'],[67, 440, 160, 454, 'diningtable'],[1, 584, 94, 598, 'diningtable']]
[[85, 0, 146, 14, 'person'],[18, 603, 111, 617, 'diningtable'],[156, 646, 211, 660, 'laptop']]
[[13, 603, 106, 617, 'diningtable'],[146, 651, 201, 665, 'laptop']]
[[190, 220, 251, 234, 'person'],[16, 609, 109, 623, 'diningtable'],[175, 656, 230, 670, 'laptop']]
[[275, 102, 336, 116, 'person'],[15, 582, 108, 596, 'diningtable'],[165, 653, 220, 667, 'laptop']]
[[234, 22, 295, 36, 'person'],[14, 535, 107, 549, 'diningtable']]
[[258, 102, 319, 116, 'person'],[20, 588, 113, 602, 'diningtable'],[165, 651, 220, 665, 'laptop']]
[[156, 363, 217, 377, 'person']]
[[33, 592, 94, 606, 'person'],[243, 682, 327, 696, 'tvmonitor']]
[[512, 161, 573, 175, 'person'],[13, 584, 106, 598, 'diningtable'],[148, 653, 203, 667, 'laptop']]
[[1, 497, 62, 511, 'person']]
[[316, 23, 377, 37, 'person'],[15, 575, 108, 589, 'diningtable'],[164, 649, 219, 663, 'laptop']]
[[52, 411, 113, 425, 'person']]
[[510, 134, 571, 148, 'person'],[5, 581, 98, 595, 'diningtable'],[144, 658, 199, 672, 'laptop']]
[[519, 311, 580, 325, 'person'],[46, 603, 139, 617, 'diningtable']]
[[28, 585, 89, 599, 'person'],[244, 682, 299, 696, 'laptop']]
[[243, 34, 304, 48, 'person'],[15, 541, 108, 555, 'diningtable']]
[[15, 586, 108, 600, 'diningtable'],[145, 654, 200, 668, 'laptop']]
[[421, 212, 482, 226, 'person'],[10, 608, 103, 622, 'diningtable'],[176, 656, 231, 670, 'laptop']]
[[363, 222, 424, 236, 'person'],[20, 569, 113, 583, 'diningtable']]
[[6, 581, 67, 595, 'person'],[234, 679, 289, 693, 'laptop']]
[[284, 103, 345, 117, 'person'],[18, 601, 111, 615, 'diningtable'],[166, 655, 221, 669, 'laptop']]
[[225, 28, 286, 42, 'person'],[14, 539, 107, 553, 'diningtable']]
[[104, 54, 165, 68, 'person'],[23, 597, 116, 611, 'diningtable'],[159, 647, 214, 661, 'laptop']]
[[54, 584, 115, 598, 'person'],[254, 682, 309, 696, 'laptop']]
[[15, 603, 108, 617, 'diningtable'],[144, 654, 199, 668, 'laptop']]
[[350, 141, 411, 155, 'person'],[13, 606, 106, 620, 'diningtable'],[163, 663, 218, 677, 'laptop']]
[[46, 588, 107, 602, 'person'],[262, 683, 317, 697, 'laptop']]
[[0, 554, 93, 568, 'diningtable']]
[[214, 15, 275, 29, 'person'],[0, 681, 45, 695, 'chair'],[20, 536, 113, 550, 'diningtable']]
[[13, 558, 106, 572, 'diningtable']]
[[91, 54, 152, 68, 'person'],[20, 598, 113, 612, 'diningtable'],[159, 648, 214, 662, 'laptop']]
[[304, 37, 365, 51, 'person'],[4, 540, 97, 554, 'diningtable']]
[[142, 15, 203, 29, 'person'],[1, 581, 94, 595, 'diningtable'],[154, 647, 209, 661, 'laptop']]
[[79, 47, 140, 61, 'person'],[21, 595, 114, 609, 'diningtable'],[158, 646, 213, 660, 'laptop']]
[[213, 22, 274, 36, 'person'],[5, 685, 50, 699, 'chair'],[51, 545, 144, 559, 'diningtable']]
[[32, 591, 93, 605, 'person'],[244, 692, 328, 706, 'tvmonitor'],[243, 693, 298, 707, 'laptop']]
[[33, 586, 126, 600, 'diningtable']]
[[516, 138, 577, 152, 'person'],[9, 580, 102, 594, 'diningtable'],[144, 658, 199, 672, 'laptop']]
[[58, 405, 119, 419, 'person']]
[[20, 600, 113, 614, 'diningtable']]
[[426, 372, 487, 386, 'person'],[22, 541, 115, 555, 'diningtable']]
[[482, 71, 543, 85, 'person'],[0, 603, 93, 617, 'diningtable']]
[[0, 569, 61, 583, 'person'],[210, 682, 265, 696, 'laptop']]
[[14, 602, 107, 616, 'diningtable']]
[[7, 572, 68, 586, 'person']]
[[78, 1, 139, 15, 'person'],[23, 571, 116, 585, 'diningtable'],[145, 651, 200, 665, 'laptop']]
[[119, 2, 180, 16, 'person'],[0, 581, 93, 595, 'diningtable'],[155, 647, 210, 661, 'laptop']]
[[577, 237, 638, 251, 'person']]
[[187, 305, 248, 319, 'person'],[135, 5, 196, 19, 'person'],[3, 545, 96, 559, 'diningtable']]
[[38, 592, 99, 606, 'person'],[276, 698, 331, 712, 'laptop']]
[[16, 603, 109, 617, 'diningtable'],[145, 654, 200, 668, 'laptop']]
[[0, 568, 61, 582, 'person'],[218, 677, 273, 691, 'laptop']]
[[561, 463, 622, 477, 'person'],[5, 554, 98, 568, 'diningtable']]
[[454, 75, 515, 89, 'person'],[3, 598, 96, 612, 'diningtable']]
[[259, 243, 320, 257, 'person']]
[[372, 238, 433, 252, 'person'],[16, 547, 109, 561, 'diningtable']]
[[33, 587, 94, 601, 'person'],[250, 683, 305, 697, 'laptop']]
[[199, 5, 260, 19, 'person'],[0, 680, 45, 694, 'chair'],[43, 536, 136, 550, 'diningtable']]
[[0, 575, 61, 589, 'person'],[208, 682, 263, 696, 'laptop']]
[[20, 597, 113, 611, 'diningtable']]
[[3, 455, 64, 469, 'person']]
[[389, 221, 450, 235, 'person'],[27, 599, 120, 613, 'diningtable']]
[[317, 185, 378, 199, 'person'],[17, 609, 62, 623, 'chair'],[11, 605, 104, 619, 'diningtable'],[178, 658, 233, 672, 'laptop']]
[[9, 577, 70, 591, 'person'],[209, 681, 264, 695, 'laptop']]
[[250, 290, 311, 304, 'person'],[0, 570, 93, 584, 'diningtable'],[252, 611, 307, 625, 'laptop']]
[[0, 562, 93, 576, 'diningtable']]
[[70, 56, 131, 70, 'person'],[15, 602, 108, 616, 'diningtable'],[146, 650, 201, 664, 'laptop']]
[[84, 0, 145, 14, 'person'],[132, 315, 193, 329, 'person'],[36, 552, 129, 566, 'diningtable']]
[[176, 294, 237, 308, 'person']]
[[503, 129, 564, 143, 'person'],[10, 592, 103, 606, 'diningtable'],[146, 658, 201, 672, 'laptop']]
[[464, 250, 525, 264, 'person'],[42, 606, 135, 620, 'diningtable']]
[[616, 348, 677, 362, 'person']]
[[266, 233, 327, 247, 'person']]
[[203, 10, 264, 24, 'person'],[1, 678, 46, 692, 'chair'],[26, 534, 119, 548, 'diningtable']]
[[607, 430, 668, 444, 'person'],[13, 559, 106, 573, 'diningtable']]
[[204, 9, 265, 23, 'person'],[0, 684, 45, 698, 'chair'],[44, 539, 137, 553, 'diningtable']]
[[224, 291, 285, 305, 'person'],[5, 565, 98, 579, 'diningtable'],[223, 622, 278, 636, 'laptop']]
[[446, 238, 507, 252, 'person'],[42, 602, 135, 616, 'diningtable']]
[[33, 580, 94, 594, 'person'],[261, 690, 316, 704, 'laptop']]
[[88, 1, 149, 15, 'person'],[125, 324, 186, 338, 'person'],[0, 607, 93, 621, 'diningtable']]
[[349, 205, 410, 219, 'person'],[7, 605, 100, 619, 'diningtable'],[176, 659, 231, 673, 'laptop']]
[[209, 271, 270, 285, 'person']]
[[564, 461, 625, 475, 'person'],[13, 557, 106, 571, 'diningtable']]
[[0, 576, 61, 590, 'person'],[209, 683, 264, 697, 'laptop']]
[[618, 356, 679, 370, 'person']]
[[132, 317, 193, 331, 'person'],[104, 13, 165, 27, 'person'],[23, 552, 116, 566, 'diningtable']]
[[0, 443, 61, 457, 'person'],[68, 498, 154, 512, 'surfboard'],[0, 556, 45, 570, 'chair']]
[[193, 313, 254, 327, 'person'],[91, 432, 184, 446, 'diningtable'],[0, 613, 93, 627, 'diningtable'],[194, 646, 278, 660, 'tvmonitor']]
[[9, 600, 102, 614, 'diningtable']]
[[530, 132, 591, 146, 'person'],[12, 584, 105, 598, 'diningtable'],[148, 653, 203, 667, 'laptop']]
[[9, 606, 102, 620, 'diningtable']]
[[18, 598, 111, 612, 'diningtable']]
[[2, 579, 63, 593, 'person'],[238, 680, 293, 694, 'laptop']]
[[382, 18, 443, 32, 'person'],[0, 578, 93, 592, 'diningtable'],[169, 650, 224, 664, 'laptop']]
[[252, 36, 313, 50, 'person'],[14, 538, 107, 552, 'diningtable']]
[[32, 587, 125, 601, 'diningtable']]
[[187, 296, 248, 310, 'person'],[88, 428, 181, 442, 'diningtable'],[1, 594, 94, 608, 'diningtable']]
[[0, 568, 93, 582, 'diningtable']]
[[10, 602, 103, 616, 'diningtable']]
[[525, 190, 586, 204, 'person'],[11, 584, 104, 598, 'diningtable'],[149, 653, 204, 667, 'laptop']]
[[231, 207, 292, 221, 'person'],[15, 604, 108, 618, 'diningtable'],[171, 664, 226, 678, 'laptop']]
[[62, 35, 123, 49, 'person'],[16, 596, 109, 610, 'diningtable']]
[[13, 604, 106, 618, 'diningtable'],[144, 655, 199, 669, 'laptop']]
[[245, 91, 306, 105, 'person'],[19, 589, 112, 603, 'diningtable'],[165, 652, 220, 666, 'laptop']]
[[406, 140, 467, 154, 'person'],[14, 603, 107, 617, 'diningtable'],[147, 666, 202, 680, 'laptop']]
[[0, 492, 61, 506, 'person']]
[[317, 304, 378, 318, 'person'],[12, 567, 105, 581, 'diningtable']]
[[8, 592, 69, 606, 'person']]
[[518, 47, 579, 61, 'person'],[505, 449, 566, 463, 'person'],[20, 576, 113, 590, 'diningtable'],[170, 652, 225, 666, 'laptop']]
[[174, 13, 235, 27, 'person'],[2, 598, 95, 612, 'diningtable'],[156, 648, 211, 662, 'laptop']]
[[111, 251, 172, 265, 'person']]
[[1, 713, 46, 727, 'chair'],[44, 545, 137, 559, 'diningtable']]
[[207, 0, 268, 14, 'person'],[0, 687, 45, 701, 'chair'],[43, 543, 136, 557, 'diningtable']]
[[329, 252, 390, 266, 'person'],[14, 555, 107, 569, 'diningtable']]
[[190, 304, 251, 318, 'person'],[15, 589, 108, 603, 'diningtable']]
[[221, 218, 282, 232, 'person'],[37, 507, 130, 521, 'diningtable'],[178, 665, 233, 679, 'laptop']]
[[67, 44, 128, 58, 'person'],[14, 602, 107, 616, 'diningtable'],[145, 652, 200, 666, 'laptop']]
[[13, 555, 74, 569, 'person']]
[[18, 593, 79, 607, 'person'],[282, 713, 337, 727, 'laptop']]
[[12, 603, 105, 617, 'diningtable']]
[[331, 43, 392, 57, 'person'],[0, 550, 93, 564, 'diningtable']]
[[11, 600, 104, 614, 'diningtable']]
[[24, 254, 85, 268, 'person']]
[[252, 36, 313, 50, 'person'],[14, 538, 107, 552, 'diningtable']]
[[474, 74, 535, 88, 'person'],[0, 600, 93, 614, 'diningtable']]
[[19, 599, 112, 613, 'diningtable']]
[[14, 580, 75, 594, 'person'],[235, 683, 290, 697, 'laptop']]
[[566, 473, 627, 487, 'person'],[13, 600, 106, 614, 'diningtable']]
[[0, 557, 93, 571, 'diningtable']]
[[308, 301, 369, 315, 'person'],[9, 573, 102, 587, 'diningtable'],[296, 596, 351, 610, 'laptop']]
[[2, 563, 63, 577, 'person'],[233, 683, 288, 697, 'laptop']]
[[36, 587, 129, 601, 'diningtable']]
[[5, 425, 66, 439, 'person'],[51, 487, 137, 501, 'surfboard']]
[[167, 297, 228, 311, 'person']]
[[390, 202, 451, 216, 'person'],[11, 604, 104, 618, 'diningtable'],[175, 657, 230, 671, 'laptop']]
[[212, 17, 273, 31, 'person'],[0, 677, 45, 691, 'chair'],[27, 536, 120, 550, 'diningtable']]
[[5, 678, 50, 692, 'chair'],[47, 547, 140, 561, 'diningtable']]
[[185, 224, 246, 238, 'person'],[177, 656, 232, 670, 'laptop']]
[[257, 38, 318, 52, 'person'],[12, 543, 105, 557, 'diningtable']]
[[539, 128, 600, 142, 'person'],[9, 580, 102, 594, 'diningtable'],[146, 654, 201, 668, 'laptop']]
[[376, 226, 437, 240, 'person'],[17, 604, 110, 618, 'diningtable']]
[[15, 561, 108, 575, 'diningtable']]
[[128, 314, 189, 328, 'person'],[88, 12, 149, 26, 'person'],[0, 606, 93, 620, 'diningtable']]
[[184, 307, 245, 321, 'person'],[121, 8, 182, 22, 'person'],[3, 553, 96, 567, 'diningtable']]
[[19, 601, 112, 615, 'diningtable']]
[[7, 606, 100, 620, 'diningtable']]
[[622, 436, 683, 450, 'person'],[15, 560, 108, 574, 'diningtable']]
[[14, 602, 75, 616, 'person']]
[[379, 222, 440, 236, 'person'],[22, 572, 115, 586, 'diningtable']]
[[327, 0, 388, 14, 'person'],[364, 249, 425, 263, 'person'],[0, 607, 93, 621, 'diningtable'],[157, 646, 212, 660, 'laptop']]
[[142, 357, 203, 371, 'person']]
[[15, 603, 108, 617, 'diningtable']]
[[519, 50, 580, 64, 'person'],[451, 426, 512, 440, 'person'],[23, 571, 116, 585, 'diningtable'],[171, 653, 226, 667, 'laptop']]
[[15, 595, 108, 609, 'diningtable'],[146, 651, 201, 665, 'laptop']]
[[543, 471, 604, 485, 'person'],[546, 512, 580, 526, 'dog'],[14, 554, 107, 568, 'diningtable']]
[[11, 549, 72, 563, 'person']]
[[465, 152, 526, 166, 'person'],[12, 602, 105, 616, 'diningtable'],[146, 662, 201, 676, 'laptop']]
[[611, 509, 672, 523, 'person'],[11, 604, 104, 618, 'diningtable']]
[[407, 92, 468, 106, 'person'],[0, 548, 93, 562, 'diningtable'],[563, 430, 653, 444, 'cell phone']]
[[2, 568, 63, 582, 'person'],[233, 684, 288, 698, 'laptop']]
[[203, 73, 264, 87, 'person'],[14, 576, 107, 590, 'diningtable'],[164, 647, 219, 661, 'laptop']]
[[460, 30, 521, 44, 'person'],[603, 499, 664, 513, 'person'],[11, 575, 104, 589, 'diningtable'],[170, 651, 225, 665, 'laptop']]
[[12, 605, 105, 619, 'diningtable']]
[[157, 291, 218, 305, 'person'],[0, 598, 93, 612, 'diningtable']]
[[174, 270, 235, 284, 'person'],[100, 445, 186, 459, 'surfboard']]
[[541, 162, 602, 176, 'person'],[11, 588, 104, 602, 'diningtable'],[146, 654, 201, 668, 'laptop']]
[[480, 279, 541, 293, 'person'],[489, 23, 550, 37, 'person'],[9, 582, 102, 596, 'diningtable'],[148, 652, 203, 666, 'laptop'],[477, 260, 541, 274, 'remote']]
[[508, 85, 569, 99, 'person'],[0, 602, 93, 616, 'diningtable']]
[[513, 92, 574, 106, 'person'],[6, 603, 99, 617, 'diningtable']]
[[239, 223, 300, 237, 'person'],[179, 667, 234, 681, 'laptop']]
[[200, 17, 261, 31, 'person'],[2, 677, 47, 691, 'chair'],[34, 534, 127, 548, 'diningtable']]
[[10, 364, 71, 378, 'person']]
[[10, 517, 71, 531, 'person']]
[[56, 615, 117, 629, 'person'],[330, 678, 420, 692, 'cell phone']]
[[608, 283, 653, 297, 'chair']]
[[181, 307, 242, 321, 'person'],[12, 590, 105, 604, 'diningtable']]
[[360, 242, 421, 256, 'person'],[321, 984, 366, 998, 'knife'],[20, 601, 113, 615, 'diningtable']]
[[67, 62, 128, 76, 'person'],[12, 602, 105, 616, 'diningtable'],[146, 650, 201, 664, 'laptop']]
[[324, 128, 385, 142, 'person'],[12, 609, 105, 623, 'diningtable'],[164, 660, 219, 674, 'laptop']]
[[643, 478, 704, 492, 'person'],[11, 600, 104, 614, 'diningtable']]
[[73, 228, 134, 242, 'person']]
[[59, 234, 120, 248, 'person']]
[[16, 601, 109, 615, 'diningtable'],[145, 654, 200, 668, 'laptop']]
[[35, 607, 96, 621, 'person']]
[[353, 39, 414, 53, 'person'],[0, 581, 93, 595, 'diningtable'],[167, 650, 222, 664, 'laptop']]
[[0, 568, 61, 582, 'person'],[234, 683, 289, 697, 'laptop']]
[[347, 0, 408, 14, 'person'],[378, 245, 439, 259, 'person'],[17, 605, 110, 619, 'diningtable'],[157, 647, 212, 661, 'laptop']]
[[144, 292, 205, 306, 'person']]
[[88, 48, 149, 62, 'person'],[23, 595, 116, 609, 'diningtable'],[157, 646, 212, 660, 'laptop']]
[[15, 606, 108, 620, 'diningtable'],[144, 653, 199, 667, 'laptop']]
[[14, 601, 107, 615, 'diningtable'],[145, 654, 200, 668, 'laptop']]
[[12, 602, 105, 616, 'diningtable']]
[[0, 560, 93, 574, 'diningtable']]
[[359, 244, 420, 258, 'person']]
[[223, 260, 284, 274, 'person']]
[[1, 560, 62, 574, 'person'],[228, 683, 283, 697, 'laptop']]
[[9, 598, 102, 612, 'diningtable']]
[[486, 278, 547, 292, 'person'],[514, 0, 575, 14, 'person'],[3, 584, 96, 598, 'diningtable'],[146, 652, 201, 666, 'laptop']]
[[35, 586, 96, 600, 'person'],[250, 683, 305, 697, 'laptop']]
[[502, 35, 563, 49, 'person'],[538, 448, 599, 462, 'person'],[21, 575, 114, 589, 'diningtable'],[170, 650, 225, 664, 'laptop']]
[[167, 271, 228, 285, 'person'],[109, 419, 195, 433, 'surfboard']]
[[3, 489, 64, 503, 'person']]
[[11, 518, 72, 532, 'person']]
[[522, 50, 583, 64, 'person'],[472, 473, 533, 487, 'person'],[25, 573, 118, 587, 'diningtable'],[171, 652, 226, 666, 'laptop']]
[[0, 557, 93, 571, 'diningtable']]
[[110, 82, 171, 96, 'person'],[23, 599, 116, 613, 'diningtable']]
[[316, 263, 377, 277, 'person'],[17, 578, 110, 592, 'diningtable']]
[[0, 562, 93, 576, 'diningtable']]
[[13, 600, 106, 614, 'diningtable'],[146, 653, 201, 667, 'laptop']]
[[114, 391, 175, 405, 'person']]
[[239, 27, 300, 41, 'person'],[20, 574, 113, 588, 'diningtable'],[158, 648, 213, 662, 'laptop']]
[[275, 24, 336, 38, 'person'],[2, 583, 95, 597, 'diningtable'],[160, 647, 215, 661, 'laptop']]
[[632, 489, 693, 503, 'person'],[11, 598, 104, 612, 'diningtable']]
[[362, 94, 423, 108, 'person'],[0, 545, 93, 559, 'diningtable']]
[[12, 602, 105, 616, 'diningtable'],[145, 653, 200, 667, 'laptop']]
[[13, 614, 74, 628, 'person']]
[[394, 23, 455, 37, 'person'],[0, 578, 93, 592, 'diningtable'],[171, 649, 226, 663, 'laptop']]
[[8, 357, 69, 371, 'person']]
[[0, 563, 61, 577, 'person'],[235, 693, 290, 707, 'laptop']]
[[8, 572, 69, 586, 'person']]
[[16, 581, 77, 595, 'person']]
[[134, 305, 195, 319, 'person'],[77, 0, 138, 14, 'person']]
[[66, 242, 127, 256, 'person']]
[[88, 415, 149, 429, 'person']]
[[134, 15, 195, 29, 'person'],[0, 583, 93, 597, 'diningtable'],[155, 648, 210, 662, 'laptop']]
[[33, 587, 126, 601, 'diningtable']]
[[391, 214, 452, 228, 'person'],[21, 544, 114, 558, 'diningtable']]
[[121, 64, 182, 78, 'person'],[23, 594, 116, 608, 'diningtable']]
[[13, 603, 106, 617, 'diningtable'],[145, 654, 200, 668, 'laptop']]
[[21, 595, 114, 609, 'diningtable']]
[[9, 596, 70, 610, 'person'],[327, 711, 382, 725, 'laptop']]
[[411, 235, 472, 249, 'person'],[8, 611, 101, 625, 'diningtable'],[171, 654, 226, 668, 'laptop']]
[[198, 7, 259, 21, 'person'],[0, 677, 45, 691, 'chair'],[41, 532, 134, 546, 'diningtable']]
[[535, 82, 596, 96, 'person'],[11, 549, 104, 563, 'diningtable']]
[[543, 158, 604, 172, 'person'],[11, 584, 104, 598, 'diningtable'],[156, 655, 211, 669, 'laptop']]
[[315, 4, 376, 18, 'person'],[357, 248, 418, 262, 'person'],[0, 601, 93, 615, 'diningtable'],[159, 646, 214, 660, 'laptop']]
[[11, 559, 104, 573, 'diningtable']]
[[17, 601, 110, 615, 'diningtable'],[146, 654, 201, 668, 'laptop']]
[[82, 260, 143, 274, 'person'],[76, 658, 162, 672, 'surfboard']]
[[577, 266, 638, 280, 'person']]
[[432, 217, 493, 231, 'person'],[374, 0, 435, 14, 'person'],[13, 587, 106, 601, 'diningtable'],[147, 650, 202, 664, 'laptop']]
[[237, 294, 298, 308, 'person'],[0, 562, 93, 576, 'diningtable'],[236, 617, 291, 631, 'laptop']]
[[449, 219, 510, 233, 'person'],[413, 0, 474, 14, 'person'],[11, 593, 104, 607, 'diningtable'],[147, 650, 202, 664, 'laptop']]
[[86, 0, 147, 14, 'person'],[137, 349, 198, 363, 'person'],[2, 606, 95, 620, 'diningtable']]
[[0, 558, 61, 572, 'person'],[230, 681, 285, 695, 'laptop']]
[[407, 433, 468, 447, 'person'],[17, 550, 110, 564, 'diningtable']]
[[21, 600, 114, 614, 'diningtable']]
[[416, 227, 477, 241, 'person'],[22, 597, 115, 611, 'diningtable']]
[[60, 40, 121, 54, 'person'],[20, 593, 113, 607, 'diningtable']]
[[539, 145, 600, 159, 'person'],[13, 588, 106, 602, 'diningtable'],[146, 654, 201, 668, 'laptop']]
[[8, 602, 101, 616, 'diningtable']]
[[14, 571, 75, 585, 'person'],[219, 678, 274, 692, 'laptop']]
[[15, 605, 108, 619, 'diningtable'],[146, 654, 201, 668, 'laptop']]
[[330, 253, 391, 267, 'person'],[238, 951, 283, 965, 'knife']]
[[33, 592, 126, 606, 'diningtable']]
[[115, 0, 176, 14, 'person'],[16, 606, 109, 620, 'diningtable'],[156, 647, 211, 661, 'laptop']]
[[390, 214, 451, 228, 'person'],[20, 551, 113, 565, 'diningtable']]
[[12, 605, 105, 619, 'diningtable'],[145, 653, 200, 667, 'laptop']]
[[228, 70, 289, 84, 'person'],[12, 579, 105, 593, 'diningtable'],[165, 649, 220, 663, 'laptop']]
[[96, 397, 157, 411, 'person']]
[[13, 585, 106, 599, 'diningtable'],[145, 654, 200, 668, 'laptop']]
[[361, 240, 422, 254, 'person'],[296, 983, 341, 997, 'knife']]
[[138, 290, 199, 304, 'person'],[74, 7, 135, 21, 'person']]
[[6, 594, 67, 608, 'person']]
[[418, 232, 479, 246, 'person'],[22, 547, 115, 561, 'diningtable']]
[[258, 38, 319, 52, 'person'],[0, 581, 93, 595, 'diningtable'],[158, 649, 213, 663, 'laptop']]
[[439, 219, 500, 233, 'person'],[397, 0, 458, 14, 'person'],[9, 589, 102, 603, 'diningtable'],[145, 650, 200, 664, 'laptop']]
[[14, 605, 107, 619, 'diningtable'],[143, 654, 198, 668, 'laptop']]
[[219, 288, 280, 302, 'person'],[6, 567, 99, 581, 'diningtable']]
[[105, 372, 166, 386, 'person']]
[[0, 556, 93, 570, 'diningtable']]
[[195, 234, 256, 248, 'person'],[73, 426, 166, 440, 'diningtable']]
[[420, 445, 481, 459, 'person'],[413, 490, 447, 504, 'dog'],[13, 553, 106, 567, 'diningtable']]
[[418, 83, 479, 97, 'person'],[0, 551, 93, 565, 'diningtable']]
[[78, 233, 139, 247, 'person']]
[[472, 32, 533, 46, 'person'],[563, 468, 624, 482, 'person'],[11, 566, 104, 580, 'diningtable'],[170, 651, 225, 665, 'laptop']]
[[47, 428, 108, 442, 'person']]
[[8, 582, 69, 596, 'person'],[233, 685, 288, 699, 'laptop']]
[[210, 8, 271, 22, 'person'],[4, 685, 49, 699, 'chair'],[48, 544, 141, 558, 'diningtable']]
[[618, 503, 679, 517, 'person'],[11, 603, 104, 617, 'diningtable']]
[[14, 571, 75, 585, 'person'],[221, 682, 276, 696, 'laptop']]
[[525, 409, 586, 423, 'person'],[504, 444, 538, 458, 'dog'],[12, 553, 105, 567, 'diningtable']]
[[0, 558, 93, 572, 'diningtable']]
[[206, 3, 267, 17, 'person'],[0, 716, 45, 730, 'chair'],[56, 542, 149, 556, 'diningtable']]
[[1, 563, 62, 577, 'person'],[218, 681, 273, 695, 'laptop']]
[[5, 571, 66, 585, 'person']]
[[327, 25, 388, 39, 'person'],[16, 573, 109, 587, 'diningtable'],[166, 650, 221, 664, 'laptop']]
[[10, 603, 103, 617, 'diningtable']]
[[509, 216, 570, 230, 'person'],[531, 21, 592, 35, 'person'],[9, 581, 102, 595, 'diningtable'],[147, 654, 202, 668, 'laptop']]
[[10, 619, 71, 633, 'person']]
[[231, 254, 292, 268, 'person']]
[[14, 606, 107, 620, 'diningtable'],[144, 653, 199, 667, 'laptop']]
[[0, 559, 93, 573, 'diningtable']]
[[16, 602, 77, 616, 'person'],[320, 711, 375, 725, 'laptop']]
[[333, 244, 394, 258, 'person'],[296, 0, 357, 14, 'person'],[0, 597, 93, 611, 'diningtable'],[160, 646, 215, 660, 'laptop']]
[[82, 50, 143, 64, 'person'],[18, 597, 111, 611, 'diningtable'],[157, 645, 212, 659, 'laptop']]
[[46, 586, 107, 600, 'person'],[259, 682, 314, 696, 'laptop']]
[[174, 273, 235, 287, 'person'],[116, 390, 202, 404, 'surfboard']]
[[2, 473, 63, 487, 'person']]
[[496, 82, 557, 96, 'person'],[6, 598, 99, 612, 'diningtable']]
[[182, 269, 243, 283, 'person']]
[[36, 586, 129, 600, 'diningtable']]
[[318, 247, 379, 261, 'person'],[279, 0, 340, 14, 'person'],[0, 601, 93, 615, 'diningtable'],[146, 649, 201, 663, 'laptop']]
[[328, 38, 389, 52, 'person'],[0, 548, 93, 562, 'diningtable']]
[[10, 595, 103, 609, 'diningtable']]
[[315, 297, 376, 311, 'person'],[15, 572, 108, 586, 'diningtable']]
[[281, 33, 342, 47, 'person'],[7, 539, 100, 553, 'diningtable']]
[[311, 112, 372, 126, 'person'],[21, 607, 114, 621, 'diningtable'],[163, 661, 218, 675, 'laptop']]
[[395, 215, 456, 229, 'person'],[355, 0, 416, 14, 'person'],[11, 606, 104, 620, 'diningtable'],[145, 652, 200, 666, 'laptop']]
[[440, 225, 501, 239, 'person'],[33, 609, 126, 623, 'diningtable']]
[[542, 135, 603, 149, 'person'],[9, 581, 102, 595, 'diningtable'],[157, 655, 212, 669, 'laptop']]
[[534, 139, 595, 153, 'person'],[17, 581, 110, 595, 'diningtable'],[149, 653, 204, 667, 'laptop']]
[[178, 299, 239, 313, 'person'],[4, 609, 97, 623, 'diningtable']]
[[0, 562, 61, 576, 'person'],[231, 684, 286, 698, 'laptop']]
[[417, 253, 478, 267, 'person'],[14, 607, 107, 621, 'diningtable'],[172, 654, 227, 668, 'laptop'],[87, 591, 142, 605, 'laptop']]
[[3, 597, 64, 611, 'person'],[0, 628, 80, 642, 'backpack']]
[[393, 135, 454, 149, 'person'],[14, 604, 107, 618, 'diningtable'],[146, 666, 201, 680, 'laptop']]
[[289, 295, 350, 309, 'person'],[1, 574, 94, 588, 'diningtable'],[286, 602, 341, 616, 'laptop']]
[[29, 588, 122, 602, 'diningtable']]
[[624, 366, 685, 380, 'person'],[0, 558, 93, 572, 'diningtable']]
[[518, 96, 579, 110, 'person'],[3, 603, 96, 617, 'diningtable']]
[[226, 223, 287, 237, 'person'],[17, 609, 110, 623, 'diningtable'],[171, 660, 226, 674, 'laptop']]
[[209, 72, 270, 86, 'person'],[15, 579, 108, 593, 'diningtable'],[164, 648, 219, 662, 'laptop']]
[[427, 237, 488, 251, 'person'],[30, 610, 123, 624, 'diningtable']]
[[195, 68, 256, 82, 'person'],[13, 578, 106, 592, 'diningtable'],[164, 646, 219, 660, 'laptop']]
[[15, 596, 108, 610, 'diningtable'],[146, 651, 201, 665, 'laptop']]
[[0, 565, 61, 579, 'person'],[232, 682, 287, 696, 'laptop']]
[[78, 422, 139, 436, 'person']]
[[20, 602, 113, 616, 'diningtable']]
[[383, 216, 444, 230, 'person'],[18, 551, 111, 565, 'diningtable']]
[[5, 497, 66, 511, 'person'],[25, 539, 111, 553, 'surfboard']]
[[10, 600, 103, 614, 'diningtable']]
[[78, 608, 139, 622, 'person'],[296, 680, 351, 694, 'laptop']]
[[335, 191, 396, 205, 'person'],[10, 606, 103, 620, 'diningtable'],[177, 658, 232, 672, 'laptop']]
[[314, 245, 375, 259, 'person']]
[[8, 553, 69, 567, 'person'],[225, 681, 280, 695, 'laptop']]
[[184, 54, 245, 68, 'person'],[14, 574, 107, 588, 'diningtable'],[165, 647, 220, 661, 'laptop']]
[[351, 148, 412, 162, 'person'],[1, 590, 94, 604, 'diningtable'],[162, 663, 217, 677, 'laptop']]
[[171, 18, 232, 32, 'person'],[19, 602, 112, 616, 'diningtable'],[156, 648, 211, 662, 'laptop']]
[[238, 246, 299, 260, 'person'],[222, 1, 283, 15, 'person'],[0, 570, 93, 584, 'diningtable']]
[[133, 361, 194, 375, 'person']]
[[0, 457, 61, 471, 'person'],[65, 506, 151, 520, 'surfboard']]
[[446, 410, 507, 424, 'person'],[19, 550, 112, 564, 'diningtable']]
[[313, 36, 374, 50, 'person'],[0, 542, 93, 556, 'diningtable']]
[[150, 360, 211, 374, 'person']]
[[214, 219, 275, 233, 'person'],[16, 608, 109, 622, 'diningtable'],[174, 665, 229, 679, 'laptop']]
[[412, 145, 473, 159, 'person'],[10, 604, 103, 618, 'diningtable'],[147, 664, 202, 678, 'laptop']]
[[2, 560, 63, 574, 'person'],[227, 680, 282, 694, 'laptop']]
[[75, 18, 136, 32, 'person'],[19, 569, 112, 583, 'diningtable'],[145, 652, 200, 666, 'laptop']]
[[52, 238, 113, 252, 'person']]
[[13, 600, 106, 614, 'diningtable'],[146, 651, 201, 665, 'laptop']]
[[314, 250, 375, 264, 'person']]
[[145, 352, 206, 366, 'person']]
[[404, 257, 465, 271, 'person'],[9, 615, 102, 629, 'diningtable'],[171, 655, 226, 669, 'laptop']]
[[202, 0, 263, 14, 'person'],[0, 686, 45, 700, 'chair'],[51, 543, 144, 557, 'diningtable']]
[[460, 77, 521, 91, 'person'],[0, 600, 93, 614, 'diningtable']]
[[436, 144, 497, 158, 'person'],[12, 604, 105, 618, 'diningtable'],[146, 665, 201, 679, 'laptop']]
[[130, 3, 191, 17, 'person'],[0, 581, 93, 595, 'diningtable'],[153, 647, 208, 661, 'laptop']]
[[79, 52, 140, 66, 'person'],[17, 594, 110, 608, 'diningtable'],[156, 644, 211, 658, 'laptop']]
[[37, 589, 130, 603, 'diningtable']]
[[13, 557, 106, 571, 'diningtable']]
[[573, 173, 634, 187, 'person']]
[[191, 293, 252, 307, 'person'],[14, 609, 107, 623, 'diningtable']]
[[10, 567, 71, 581, 'person']]
[[15, 599, 108, 613, 'diningtable'],[146, 652, 201, 666, 'laptop']]
[[351, 119, 412, 133, 'person'],[14, 607, 107, 621, 'diningtable'],[160, 664, 215, 678, 'laptop']]
[[133, 338, 194, 352, 'person'],[115, 8, 176, 22, 'person'],[17, 564, 110, 578, 'diningtable']]
[[353, 91, 414, 105, 'person'],[0, 546, 93, 560, 'diningtable']]
[[73, 603, 134, 617, 'person'],[315, 679, 370, 693, 'laptop'],[323, 676, 413, 690, 'cell phone']]
[[4, 675, 49, 689, 'chair'],[50, 544, 143, 558, 'diningtable']]
[[539, 185, 600, 199, 'person'],[11, 587, 104, 601, 'diningtable'],[146, 653, 201, 667, 'laptop']]
[[10, 580, 71, 594, 'person'],[234, 684, 289, 698, 'laptop']]
[[0, 562, 61, 576, 'person'],[217, 681, 272, 695, 'laptop']]
[[503, 89, 564, 103, 'person'],[5, 599, 98, 613, 'diningtable']]
[[39, 587, 132, 601, 'diningtable']]
[[33, 584, 126, 598, 'diningtable']]
[[13, 558, 106, 572, 'diningtable']]
[[16, 577, 77, 591, 'person'],[240, 694, 295, 708, 'laptop']]
[[34, 588, 127, 602, 'diningtable']]
[[0, 568, 93, 582, 'diningtable']]
[[10, 559, 103, 573, 'diningtable']]
[[14, 604, 107, 618, 'diningtable'],[146, 652, 201, 666, 'laptop']]
[[13, 558, 106, 572, 'diningtable']]
[[509, 35, 570, 49, 'person'],[520, 435, 581, 449, 'person'],[20, 576, 113, 590, 'diningtable'],[169, 650, 224, 664, 'laptop']]
[[135, 297, 196, 311, 'person'],[71, 23, 132, 37, 'person']]
[[72, 26, 133, 40, 'person'],[14, 602, 107, 616, 'diningtable'],[145, 652, 200, 666, 'laptop']]
[[9, 548, 70, 562, 'person']]
[[15, 604, 76, 618, 'person']]
[[128, 56, 189, 70, 'person'],[24, 592, 117, 606, 'diningtable'],[160, 647, 215, 661, 'laptop']]
[[12, 572, 73, 586, 'person'],[234, 678, 289, 692, 'laptop']]
[[111, 5, 172, 19, 'person'],[17, 607, 110, 621, 'diningtable'],[157, 646, 212, 660, 'laptop']]
[[91, 62, 152, 76, 'person'],[23, 593, 116, 607, 'diningtable'],[159, 647, 214, 661, 'laptop']]
[[397, 89, 458, 103, 'person'],[0, 549, 93, 563, 'diningtable']]
[[273, 100, 334, 114, 'person'],[19, 595, 112, 609, 'diningtable'],[164, 651, 219, 665, 'laptop']]
[[206, 297, 267, 311, 'person'],[149, 8, 210, 22, 'person'],[0, 565, 93, 579, 'diningtable']]
[[430, 387, 491, 401, 'person'],[13, 603, 106, 617, 'diningtable'],[176, 655, 231, 669, 'laptop']]
[[3, 718, 48, 732, 'chair'],[43, 551, 136, 565, 'diningtable']]
[[431, 283, 492, 297, 'person'],[9, 603, 102, 617, 'diningtable'],[176, 657, 231, 671, 'laptop']]
[[519, 152, 580, 166, 'person'],[14, 581, 107, 595, 'diningtable'],[144, 657, 199, 671, 'laptop']]
[[18, 588, 79, 602, 'person'],[330, 713, 385, 727, 'laptop']]
[[202, 7, 263, 21, 'person'],[0, 684, 45, 698, 'chair'],[44, 540, 137, 554, 'diningtable']]
[[15, 596, 108, 610, 'diningtable'],[146, 653, 201, 667, 'laptop']]
[[14, 603, 107, 617, 'diningtable'],[146, 653, 201, 667, 'laptop']]
[[2, 560, 63, 574, 'person'],[228, 680, 283, 694, 'laptop']]
[[0, 566, 61, 580, 'person'],[210, 684, 265, 698, 'laptop']]
[[14, 602, 107, 616, 'diningtable']]
[[13, 600, 106, 614, 'diningtable']]
[[15, 604, 108, 618, 'diningtable'],[147, 654, 202, 668, 'laptop']]
[[342, 248, 403, 262, 'person'],[9, 552, 102, 566, 'diningtable']]
[[112, 56, 173, 70, 'person'],[23, 599, 116, 613, 'diningtable'],[160, 647, 215, 661, 'laptop']]
[[359, 119, 420, 133, 'person'],[15, 607, 108, 621, 'diningtable'],[146, 665, 201, 679, 'laptop']]
[[12, 559, 105, 573, 'diningtable']]
[[241, 28, 302, 42, 'person'],[14, 538, 107, 552, 'diningtable']]
[[198, 2, 259, 16, 'person'],[0, 680, 45, 694, 'chair'],[45, 535, 138, 549, 'diningtable']]
[[11, 599, 104, 613, 'diningtable']]
[[207, 12, 268, 26, 'person'],[23, 534, 116, 548, 'diningtable']]
[[7, 602, 100, 616, 'diningtable']]
[[600, 286, 661, 300, 'person']]
[[43, 250, 104, 264, 'person']]
[[218, 23, 279, 37, 'person'],[21, 537, 114, 551, 'diningtable']]
[[11, 602, 104, 616, 'diningtable'],[145, 651, 200, 665, 'laptop']]
[[596, 260, 657, 274, 'person']]
[[131, 341, 192, 355, 'person'],[97, 12, 158, 26, 'person'],[0, 598, 93, 612, 'diningtable']]
[[120, 231, 181, 245, 'person'],[114, 447, 200, 461, 'surfboard']]
[[121, 223, 182, 237, 'person']]
[[372, 77, 433, 91, 'person'],[0, 549, 93, 563, 'diningtable']]
[[281, 103, 342, 117, 'person'],[19, 578, 112, 592, 'diningtable'],[165, 655, 220, 669, 'laptop']]
[[13, 585, 106, 599, 'diningtable'],[145, 653, 200, 667, 'laptop']]
[[10, 597, 103, 611, 'diningtable']]
[[48, 585, 109, 599, 'person'],[253, 683, 308, 697, 'laptop']]
[[36, 587, 97, 601, 'person'],[245, 683, 300, 697, 'laptop']]
[[16, 607, 109, 621, 'diningtable'],[144, 653, 199, 667, 'laptop']]
[[500, 444, 561, 458, 'person'],[471, 467, 505, 481, 'dog'],[10, 554, 103, 568, 'diningtable']]
[[547, 128, 608, 142, 'person']]
[[484, 146, 545, 160, 'person'],[13, 601, 106, 615, 'diningtable'],[145, 659, 200, 673, 'laptop']]
[[15, 574, 76, 588, 'person'],[238, 695, 293, 709, 'laptop']]
[[30, 588, 123, 602, 'diningtable']]
[[527, 150, 588, 164, 'person'],[14, 582, 107, 596, 'diningtable'],[145, 656, 200, 670, 'laptop']]
[[6, 264, 67, 278, 'person']]
[[0, 553, 93, 567, 'diningtable']]
[[143, 69, 204, 83, 'person'],[21, 591, 114, 605, 'diningtable']]
[[88, 605, 149, 619, 'person'],[288, 681, 343, 695, 'laptop']]
[[12, 600, 105, 614, 'diningtable'],[145, 651, 200, 665, 'laptop']]
[[304, 35, 365, 49, 'person'],[16, 575, 109, 589, 'diningtable'],[160, 645, 215, 659, 'laptop']]
[[120, 378, 181, 392, 'person']]
[[3, 576, 64, 590, 'person'],[213, 682, 268, 696, 'laptop']]
[[375, 129, 436, 143, 'person'],[15, 604, 108, 618, 'diningtable'],[146, 667, 201, 681, 'laptop']]
[[10, 603, 103, 617, 'diningtable']]
[[292, 29, 353, 43, 'person'],[1, 583, 94, 597, 'diningtable'],[160, 645, 215, 659, 'laptop']]
[[443, 35, 504, 49, 'person'],[20, 607, 113, 621, 'diningtable'],[170, 650, 225, 664, 'laptop']]
[[314, 311, 375, 325, 'person'],[11, 564, 104, 578, 'diningtable']]
[[28, 604, 89, 618, 'person'],[243, 685, 298, 699, 'laptop']]
[[384, 136, 445, 150, 'person'],[14, 607, 107, 621, 'diningtable'],[146, 666, 201, 680, 'laptop']]
[[10, 628, 71, 642, 'person']]
[[600, 267, 661, 281, 'person']]
[[488, 135, 549, 149, 'person'],[15, 593, 108, 607, 'diningtable'],[147, 658, 202, 672, 'laptop']]