[[981, 100, 1042, 114, 'person'],[302, 478, 347, 492, 'chair'],[354, 443, 447, 457, 'diningtable'],[506, 453, 561, 467, 'laptop']]
[[806, 122, 867, 136, 'person'],[282, 467, 327, 481, 'chair'],[501, 452, 556, 466, 'laptop']]
[[735, 126, 796, 140, 'person'],[284, 471, 329, 485, 'chair'],[383, 450, 476, 464, 'diningtable'],[502, 458, 557, 472, 'laptop']]
[[528, 114, 589, 128, 'person'],[286, 481, 331, 495, 'chair'],[509, 462, 564, 476, 'laptop']]
[[842, 156, 903, 170, 'person'],[288, 513, 333, 527, 'chair'],[351, 488, 444, 502, 'diningtable'],[971, 469, 1026, 483, 'laptop']]
[[308, 348, 369, 362, 'person'],[280, 496, 325, 510, 'chair'],[512, 479, 567, 493, 'laptop']]
[[590, 157, 651, 171, 'person'],[301, 514, 346, 528, 'chair']]
[[302, 524, 347, 538, 'chair'],[365, 515, 458, 529, 'diningtable']]
[[277, 450, 322, 464, 'chair'],[334, 438, 427, 452, 'diningtable']]
[[276, 452, 321, 466, 'chair'],[330, 438, 423, 452, 'diningtable']]
[[307, 344, 368, 358, 'person'],[512, 481, 567, 495, 'laptop']]
[[300, 521, 345, 535, 'chair'],[371, 514, 464, 528, 'diningtable'],[992, 27, 1039, 41, 'clock']]
[[510, 164, 571, 178, 'person']]
[[523, 153, 584, 167, 'person'],[290, 499, 335, 513, 'chair']]
[[314, 349, 375, 363, 'person'],[277, 495, 322, 509, 'chair'],[528, 484, 583, 498, 'laptop']]
[[589, 156, 650, 170, 'person'],[283, 470, 328, 484, 'chair'],[502, 453, 557, 467, 'laptop']]
[[542, 169, 603, 183, 'person'],[284, 471, 329, 485, 'chair'],[511, 458, 595, 472, 'tvmonitor']]
[[913, 99, 974, 113, 'person'],[282, 448, 327, 462, 'chair'],[355, 436, 448, 450, 'diningtable']]
[[532, 167, 593, 181, 'person'],[303, 522, 348, 536, 'chair'],[351, 516, 444, 530, 'diningtable'],[618, 296, 673, 310, 'laptop']]
[[408, 248, 469, 262, 'person']]
[[576, 117, 637, 131, 'person'],[288, 483, 333, 497, 'chair'],[513, 460, 568, 474, 'laptop']]
[[310, 356, 371, 370, 'person'],[286, 482, 331, 496, 'chair'],[536, 469, 591, 483, 'laptop']]
[[799, 110, 860, 124, 'person'],[281, 448, 326, 462, 'chair'],[342, 428, 435, 442, 'diningtable']]
[[763, 153, 824, 167, 'person'],[300, 521, 345, 535, 'chair'],[900, 370, 955, 384, 'laptop']]
[[696, 160, 757, 174, 'person'],[287, 504, 332, 518, 'chair']]
[[605, 162, 666, 176, 'person'],[298, 514, 343, 528, 'chair']]
[[277, 452, 322, 466, 'chair'],[331, 439, 424, 453, 'diningtable']]
[[391, 260, 452, 274, 'person']]
[[472, 188, 533, 202, 'person']]
[[327, 342, 388, 356, 'person'],[281, 493, 326, 507, 'chair'],[517, 472, 572, 486, 'laptop']]
[[466, 124, 527, 138, 'person'],[280, 461, 325, 475, 'chair']]
[[654, 163, 715, 177, 'person'],[288, 503, 333, 517, 'chair']]
[[612, 172, 673, 186, 'person'],[302, 508, 336, 522, 'dog'],[288, 503, 333, 517, 'chair']]
[[466, 181, 527, 195, 'person'],[280, 468, 325, 482, 'chair']]
[[1136, 173, 1197, 187, 'person'],[304, 479, 349, 493, 'chair'],[357, 446, 450, 460, 'diningtable'],[507, 454, 562, 468, 'laptop']]
[[288, 470, 333, 484, 'chair'],[355, 445, 448, 459, 'diningtable'],[506, 454, 561, 468, 'laptop']]
[[566, 155, 627, 169, 'person'],[286, 477, 331, 491, 'chair'],[518, 463, 573, 477, 'laptop']]
[[499, 167, 560, 181, 'person'],[291, 502, 336, 516, 'chair']]
[[710, 119, 771, 133, 'person'],[283, 475, 328, 489, 'chair'],[369, 449, 462, 463, 'diningtable'],[506, 458, 561, 472, 'laptop']]
[[705, 91, 766, 105, 'person'],[303, 522, 348, 536, 'chair']]
[[768, 114, 829, 128, 'person'],[283, 471, 328, 485, 'chair'],[379, 444, 472, 458, 'diningtable'],[504, 453, 559, 467, 'laptop']]
[[567, 173, 628, 187, 'person'],[298, 516, 343, 530, 'chair']]
[[787, 131, 848, 145, 'person'],[282, 472, 327, 486, 'chair'],[383, 449, 476, 463, 'diningtable'],[503, 452, 558, 466, 'laptop']]
[[522, 148, 583, 162, 'person'],[302, 519, 347, 533, 'chair'],[353, 512, 446, 526, 'diningtable']]
[[663, 166, 724, 180, 'person'],[303, 518, 348, 532, 'chair'],[355, 487, 448, 501, 'diningtable']]
[[326, 341, 387, 355, 'person'],[519, 471, 574, 485, 'laptop']]
[[561, 173, 622, 187, 'person'],[298, 516, 343, 530, 'chair']]
[[325, 345, 386, 359, 'person'],[518, 468, 573, 482, 'laptop']]
[[500, 174, 561, 188, 'person'],[290, 502, 335, 516, 'chair']]
[[496, 109, 557, 123, 'person'],[279, 456, 324, 470, 'chair']]
[[326, 342, 387, 356, 'person'],[282, 493, 327, 507, 'chair'],[518, 471, 573, 485, 'laptop']]
[[494, 94, 555, 108, 'person'],[284, 477, 329, 491, 'chair'],[368, 447, 461, 461, 'diningtable'],[509, 462, 564, 476, 'laptop']]
[[324, 361, 385, 375, 'person'],[280, 502, 325, 516, 'chair']]
[[314, 347, 375, 361, 'person'],[280, 497, 325, 511, 'chair'],[510, 479, 565, 493, 'laptop']]
[[602, 68, 663, 82, 'person'],[282, 454, 327, 468, 'chair'],[777, 65, 832, 79, 'laptop']]
[[667, 109, 728, 123, 'person'],[285, 476, 330, 490, 'chair'],[374, 443, 467, 457, 'diningtable'],[506, 459, 561, 473, 'laptop']]
[[1070, 107, 1131, 121, 'person'],[304, 479, 349, 493, 'chair'],[353, 443, 446, 457, 'diningtable'],[509, 455, 564, 469, 'laptop']]
[[524, 150, 585, 164, 'person'],[299, 519, 344, 533, 'chair'],[356, 516, 449, 530, 'diningtable']]
[[373, 358, 434, 372, 'person']]
[[494, 163, 555, 177, 'person'],[285, 499, 330, 513, 'chair']]
[[815, 126, 876, 140, 'person'],[281, 448, 326, 462, 'chair'],[339, 427, 432, 441, 'diningtable']]
[[597, 147, 658, 161, 'person'],[287, 474, 332, 488, 'chair'],[509, 462, 564, 476, 'laptop']]
[[1185, 208, 1246, 222, 'person'],[304, 479, 349, 493, 'chair'],[358, 445, 451, 459, 'diningtable'],[507, 454, 562, 468, 'laptop']]
[[874, 125, 935, 139, 'person'],[302, 479, 347, 493, 'chair'],[345, 452, 438, 466, 'diningtable'],[507, 454, 562, 468, 'laptop']]
[[304, 478, 349, 492, 'chair'],[352, 447, 445, 461, 'diningtable'],[506, 453, 561, 467, 'laptop']]
[[462, 172, 523, 186, 'person']]
[[506, 104, 567, 118, 'person'],[286, 480, 331, 494, 'chair'],[368, 453, 461, 467, 'diningtable'],[508, 463, 563, 477, 'laptop']]
[[499, 183, 560, 197, 'person'],[285, 466, 330, 480, 'chair']]
[[700, 166, 761, 180, 'person'],[287, 506, 332, 520, 'chair']]
[[504, 96, 565, 110, 'person'],[287, 477, 332, 491, 'chair'],[373, 452, 466, 466, 'diningtable'],[508, 456, 563, 470, 'laptop']]
[[324, 346, 385, 360, 'person']]
[[438, 197, 499, 211, 'person']]
[[711, 160, 772, 174, 'person'],[284, 475, 329, 489, 'chair'],[505, 455, 560, 469, 'laptop']]
[[760, 136, 821, 150, 'person'],[300, 522, 345, 536, 'chair'],[889, 368, 944, 382, 'laptop']]
[[283, 444, 328, 458, 'chair'],[375, 429, 468, 443, 'diningtable']]
[[883, 128, 944, 142, 'person'],[302, 479, 347, 493, 'chair'],[345, 452, 438, 466, 'diningtable'],[506, 454, 561, 468, 'laptop']]
[[491, 189, 552, 203, 'person'],[282, 467, 327, 481, 'chair']]
[[829, 121, 890, 135, 'person'],[280, 448, 325, 462, 'chair'],[374, 430, 467, 444, 'diningtable']]
[[472, 167, 533, 181, 'person']]
[[456, 178, 517, 192, 'person']]
[[465, 160, 526, 174, 'person']]
[[412, 216, 473, 230, 'person']]
[[635, 140, 696, 154, 'person'],[285, 477, 330, 491, 'chair'],[509, 457, 564, 471, 'laptop']]
[[413, 246, 474, 260, 'person']]
[[312, 343, 373, 357, 'person'],[509, 481, 564, 495, 'laptop']]
[[423, 238, 484, 252, 'person']]
[[464, 160, 525, 174, 'person']]
[[666, 88, 727, 102, 'person'],[280, 447, 325, 461, 'chair'],[367, 434, 460, 448, 'diningtable'],[859, 109, 914, 123, 'laptop'],[650, 74, 755, 88, 'refrigerator']]
[[614, 165, 675, 179, 'person'],[300, 514, 345, 528, 'chair'],[720, 318, 784, 332, 'remote']]
[[298, 521, 343, 535, 'chair'],[372, 512, 465, 526, 'diningtable']]
[[724, 133, 785, 147, 'person'],[284, 475, 329, 489, 'chair'],[381, 448, 474, 462, 'diningtable'],[502, 458, 557, 472, 'laptop']]
[[298, 350, 359, 364, 'person'],[281, 495, 326, 509, 'chair'],[517, 478, 572, 492, 'laptop']]
[[769, 162, 830, 176, 'person'],[302, 520, 347, 534, 'chair'],[358, 482, 451, 496, 'diningtable'],[906, 370, 961, 384, 'laptop']]
[[546, 167, 607, 181, 'person'],[302, 517, 347, 531, 'chair'],[334, 500, 427, 514, 'diningtable']]
[[1109, 126, 1170, 140, 'person'],[282, 451, 327, 465, 'chair'],[369, 434, 462, 448, 'diningtable']]
[[409, 247, 470, 261, 'person']]
[[517, 163, 578, 177, 'person'],[289, 478, 334, 492, 'chair']]
[[418, 243, 479, 257, 'person']]
[[396, 253, 457, 267, 'person'],[376, 394, 421, 408, 'chair']]
[[695, 158, 756, 172, 'person'],[284, 473, 329, 487, 'chair'],[503, 454, 558, 468, 'laptop']]
[[300, 479, 345, 493, 'chair'],[378, 452, 471, 466, 'diningtable'],[508, 456, 563, 470, 'laptop']]
[[361, 333, 422, 347, 'person'],[279, 507, 324, 521, 'chair']]
[[284, 444, 329, 458, 'chair'],[371, 429, 464, 443, 'diningtable']]
[[706, 73, 767, 87, 'person'],[302, 523, 347, 537, 'chair'],[370, 488, 463, 502, 'diningtable'],[831, 335, 895, 349, 'remote']]
[[376, 276, 437, 290, 'person'],[278, 498, 323, 512, 'chair']]
[[907, 122, 968, 136, 'person'],[302, 478, 347, 492, 'chair'],[349, 444, 442, 458, 'diningtable'],[507, 453, 562, 467, 'laptop']]
[[544, 95, 605, 109, 'person'],[280, 454, 325, 468, 'chair'],[692, 86, 776, 100, 'tvmonitor']]
[[495, 187, 556, 201, 'person'],[284, 467, 329, 481, 'chair']]
[[689, 154, 750, 168, 'person'],[304, 522, 349, 536, 'chair'],[809, 334, 873, 348, 'remote']]
[[331, 338, 392, 352, 'person'],[280, 495, 325, 509, 'chair'],[517, 474, 572, 488, 'laptop']]
[[1218, 254, 1279, 268, 'person'],[304, 477, 349, 491, 'chair'],[355, 445, 448, 459, 'diningtable'],[506, 454, 561, 468, 'laptop']]
[[307, 355, 368, 369, 'person'],[283, 485, 328, 499, 'chair'],[514, 472, 569, 486, 'laptop']]
[[462, 141, 523, 155, 'person'],[281, 463, 326, 477, 'chair']]
[[751, 110, 812, 124, 'person'],[303, 523, 348, 537, 'chair'],[872, 364, 927, 378, 'laptop']]
[[283, 520, 328, 534, 'chair']]
[[300, 522, 345, 536, 'chair']]
[[837, 165, 898, 179, 'person'],[299, 516, 344, 530, 'chair'],[989, 454, 1044, 468, 'laptop']]
[[672, 102, 733, 116, 'person'],[286, 477, 331, 491, 'chair'],[395, 437, 488, 451, 'diningtable'],[504, 458, 559, 472, 'laptop']]
[[745, 120, 806, 134, 'person'],[284, 472, 329, 486, 'chair'],[385, 448, 478, 462, 'diningtable'],[503, 457, 558, 471, 'laptop']]
[[315, 347, 376, 361, 'person'],[280, 498, 325, 512, 'chair'],[511, 477, 566, 491, 'laptop']]
[[313, 345, 374, 359, 'person'],[280, 498, 325, 512, 'chair'],[507, 480, 562, 494, 'laptop']]
[[512, 158, 573, 172, 'person'],[285, 500, 319, 514, 'dog']]
[[1168, 132, 1229, 146, 'person'],[283, 449, 328, 463, 'chair'],[339, 437, 432, 451, 'diningtable']]
[[672, 85, 733, 99, 'person'],[280, 447, 325, 461, 'chair'],[363, 433, 456, 447, 'diningtable'],[869, 121, 924, 135, 'laptop']]
[[462, 170, 523, 184, 'person']]
[[800, 116, 861, 130, 'person'],[283, 468, 328, 482, 'chair'],[502, 453, 557, 467, 'laptop']]
[[718, 120, 779, 134, 'person'],[303, 481, 348, 495, 'chair'],[508, 455, 563, 469, 'laptop']]
[[533, 109, 594, 123, 'person'],[286, 483, 331, 497, 'chair'],[508, 464, 563, 478, 'laptop']]
[[785, 156, 846, 170, 'person'],[301, 520, 346, 534, 'chair']]
[[757, 110, 818, 124, 'person'],[281, 445, 326, 459, 'chair'],[350, 430, 443, 444, 'diningtable'],[776, 115, 881, 129, 'refrigerator']]
[[303, 520, 348, 534, 'chair'],[341, 495, 434, 509, 'diningtable']]
[[816, 155, 877, 169, 'person'],[300, 516, 345, 530, 'chair'],[963, 415, 1027, 429, 'remote']]
[[515, 156, 576, 170, 'person'],[304, 521, 349, 535, 'chair'],[355, 512, 448, 526, 'diningtable'],[580, 307, 635, 321, 'laptop']]
[[468, 185, 529, 199, 'person']]
[[700, 102, 761, 116, 'person'],[304, 522, 349, 536, 'chair'],[812, 332, 876, 346, 'remote']]
[[710, 171, 771, 185, 'person'],[301, 521, 346, 535, 'chair'],[838, 339, 902, 353, 'remote']]
[[499, 98, 560, 112, 'person'],[286, 479, 331, 493, 'chair'],[368, 449, 461, 463, 'diningtable'],[509, 461, 564, 475, 'laptop']]
[[313, 341, 374, 355, 'person'],[508, 483, 563, 497, 'laptop']]
[[470, 188, 531, 202, 'person']]
[[517, 157, 578, 171, 'person'],[286, 500, 331, 514, 'chair']]
[[471, 128, 532, 142, 'person'],[280, 460, 325, 474, 'chair']]
[[326, 342, 387, 356, 'person'],[516, 471, 571, 485, 'laptop']]
[[482, 161, 543, 175, 'person']]
[[632, 119, 693, 133, 'person'],[286, 479, 331, 493, 'chair'],[511, 459, 566, 473, 'laptop']]
[[301, 481, 346, 495, 'chair'],[364, 448, 457, 462, 'diningtable'],[508, 456, 563, 470, 'laptop']]
[[513, 162, 574, 176, 'person'],[303, 523, 348, 537, 'chair'],[359, 515, 452, 529, 'diningtable']]
[[284, 444, 329, 458, 'chair'],[372, 430, 465, 444, 'diningtable']]
[[393, 261, 454, 275, 'person']]
[[814, 126, 875, 140, 'person'],[283, 469, 328, 483, 'chair'],[349, 454, 442, 468, 'diningtable'],[501, 451, 556, 465, 'laptop']]
[[526, 157, 587, 171, 'person'],[299, 521, 344, 535, 'chair'],[355, 517, 448, 531, 'diningtable'],[990, 25, 1037, 39, 'clock']]
[[496, 186, 557, 200, 'person'],[284, 467, 329, 481, 'chair']]
[[542, 165, 603, 179, 'person'],[303, 519, 348, 533, 'chair'],[334, 501, 427, 515, 'diningtable']]
[[852, 152, 913, 166, 'person'],[286, 508, 331, 522, 'chair'],[346, 486, 439, 500, 'diningtable']]
[[1165, 159, 1226, 173, 'person'],[282, 453, 327, 467, 'chair'],[341, 439, 434, 453, 'diningtable']]
[[466, 181, 527, 195, 'person'],[281, 468, 326, 482, 'chair']]
[[631, 149, 692, 163, 'person'],[287, 476, 332, 490, 'chair'],[515, 457, 570, 471, 'laptop']]
[[311, 344, 372, 358, 'person'],[515, 480, 570, 494, 'laptop']]
[[563, 167, 624, 181, 'person'],[298, 514, 343, 528, 'chair']]
[[770, 156, 831, 170, 'person'],[286, 510, 331, 524, 'chair'],[343, 483, 436, 497, 'diningtable']]
[[565, 73, 626, 87, 'person'],[283, 453, 328, 467, 'chair'],[292, 430, 385, 444, 'diningtable'],[743, 72, 827, 86, 'tvmonitor']]
[[844, 122, 905, 136, 'person'],[304, 481, 349, 495, 'chair'],[347, 455, 440, 469, 'diningtable'],[507, 453, 562, 467, 'laptop']]
[[785, 162, 846, 176, 'person'],[287, 510, 332, 524, 'chair']]
[[515, 162, 576, 176, 'person'],[304, 523, 349, 537, 'chair'],[359, 514, 452, 528, 'diningtable'],[578, 310, 633, 324, 'laptop']]
[[812, 118, 873, 132, 'person'],[283, 468, 328, 482, 'chair'],[356, 453, 449, 467, 'diningtable'],[500, 452, 555, 466, 'laptop']]
[[311, 357, 372, 371, 'person'],[283, 485, 328, 499, 'chair']]
[[621, 60, 682, 74, 'person'],[283, 455, 328, 469, 'chair'],[790, 69, 845, 83, 'laptop']]
[[284, 443, 329, 457, 'chair'],[334, 427, 427, 441, 'diningtable']]
[[920, 98, 981, 112, 'person'],[281, 446, 326, 460, 'chair'],[357, 437, 450, 451, 'diningtable']]
[[826, 161, 887, 175, 'person'],[287, 509, 332, 523, 'chair'],[351, 484, 444, 498, 'diningtable']]
[[931, 99, 992, 113, 'person'],[281, 450, 326, 464, 'chair'],[358, 437, 451, 451, 'diningtable']]
[[1160, 186, 1221, 200, 'person'],[304, 479, 349, 493, 'chair'],[357, 446, 450, 460, 'diningtable'],[507, 454, 562, 468, 'laptop']]
[[492, 188, 553, 202, 'person'],[283, 467, 328, 481, 'chair']]
[[591, 120, 652, 134, 'person'],[289, 482, 334, 496, 'chair'],[512, 460, 567, 474, 'laptop']]
[[299, 521, 344, 535, 'chair'],[373, 513, 466, 527, 'diningtable']]
[[678, 128, 739, 142, 'person'],[298, 483, 343, 497, 'chair'],[506, 456, 561, 470, 'laptop']]
[[459, 168, 520, 182, 'person']]
[[808, 136, 869, 150, 'person'],[283, 471, 328, 485, 'chair'],[359, 448, 452, 462, 'diningtable'],[506, 451, 561, 465, 'laptop']]
[[675, 160, 736, 174, 'person'],[303, 519, 348, 533, 'chair'],[788, 339, 852, 353, 'remote']]
[[837, 117, 898, 131, 'person'],[305, 482, 350, 496, 'chair'],[350, 456, 443, 470, 'diningtable'],[515, 456, 570, 470, 'laptop']]
[[313, 347, 374, 361, 'person'],[280, 499, 325, 513, 'chair'],[505, 480, 560, 494, 'laptop']]
[[1097, 122, 1158, 136, 'person'],[304, 479, 349, 493, 'chair'],[357, 445, 450, 459, 'diningtable'],[507, 454, 562, 468, 'laptop']]
[[651, 82, 712, 96, 'person'],[284, 452, 329, 466, 'chair'],[365, 427, 458, 441, 'diningtable'],[824, 92, 879, 106, 'laptop']]
[[299, 522, 344, 536, 'chair']]
[[569, 176, 630, 190, 'person'],[285, 503, 330, 517, 'chair']]
[[326, 341, 387, 355, 'person'],[282, 493, 327, 507, 'chair'],[518, 470, 573, 484, 'laptop']]
[[543, 107, 604, 121, 'person'],[286, 483, 331, 497, 'chair'],[508, 459, 563, 473, 'laptop']]
[[840, 158, 901, 172, 'person'],[299, 514, 344, 528, 'chair'],[348, 487, 441, 501, 'diningtable'],[994, 461, 1049, 475, 'laptop']]
[[300, 521, 345, 535, 'chair'],[346, 498, 439, 512, 'diningtable']]
[[347, 385, 408, 399, 'person'],[289, 488, 334, 502, 'chair']]
[[369, 335, 430, 349, 'person']]
[[282, 443, 327, 457, 'chair'],[374, 428, 467, 442, 'diningtable']]
[[306, 480, 351, 494, 'chair'],[358, 447, 451, 461, 'diningtable'],[509, 455, 564, 469, 'laptop']]
[[487, 194, 548, 208, 'person'],[282, 468, 327, 482, 'chair'],[782, 477, 830, 491, 'toilet']]
[[759, 107, 820, 121, 'person'],[302, 480, 347, 494, 'chair'],[509, 454, 564, 468, 'laptop']]
[[500, 109, 561, 123, 'person'],[287, 481, 332, 495, 'chair'],[370, 452, 463, 466, 'diningtable'],[507, 463, 562, 477, 'laptop']]
[[684, 116, 745, 130, 'person'],[284, 477, 329, 491, 'chair'],[380, 440, 473, 454, 'diningtable'],[505, 457, 560, 471, 'laptop']]
[[464, 150, 525, 164, 'person'],[281, 462, 326, 476, 'chair']]
[[325, 343, 386, 357, 'person'],[516, 470, 571, 484, 'laptop']]
[[286, 475, 331, 489, 'chair'],[365, 451, 458, 465, 'diningtable'],[509, 457, 564, 471, 'laptop']]
[[436, 210, 497, 224, 'person']]
[[301, 523, 346, 537, 'chair']]
[[340, 347, 401, 361, 'person'],[280, 510, 325, 524, 'chair']]
[[755, 106, 816, 120, 'person'],[281, 446, 326, 460, 'chair'],[352, 429, 445, 443, 'diningtable'],[976, 190, 1031, 204, 'laptop'],[781, 120, 886, 134, 'refrigerator']]
[[777, 115, 838, 129, 'person'],[283, 471, 328, 485, 'chair'],[341, 447, 434, 461, 'diningtable'],[504, 451, 559, 465, 'laptop']]
[[937, 109, 998, 123, 'person'],[282, 456, 327, 470, 'chair'],[360, 434, 453, 448, 'diningtable']]
[[334, 391, 395, 405, 'person'],[283, 490, 328, 504, 'chair']]
[[810, 168, 871, 182, 'person'],[288, 510, 333, 524, 'chair'],[353, 483, 446, 497, 'diningtable']]
[[791, 131, 852, 145, 'person'],[283, 473, 328, 487, 'chair'],[378, 446, 471, 460, 'diningtable'],[504, 452, 559, 466, 'laptop']]
[[472, 125, 533, 139, 'person'],[280, 462, 325, 476, 'chair']]
[[283, 444, 328, 458, 'chair'],[372, 428, 465, 442, 'diningtable']]
[[314, 342, 375, 356, 'person'],[508, 481, 563, 495, 'laptop']]
[[578, 151, 639, 165, 'person'],[286, 475, 331, 489, 'chair'],[511, 461, 566, 475, 'laptop']]
[[685, 158, 746, 172, 'person'],[304, 521, 349, 535, 'chair']]
[[857, 163, 918, 177, 'person'],[288, 514, 333, 528, 'chair'],[344, 488, 437, 502, 'diningtable'],[976, 464, 1031, 478, 'laptop']]
[[496, 91, 557, 105, 'person'],[284, 475, 329, 489, 'chair'],[363, 448, 456, 462, 'diningtable'],[508, 461, 563, 475, 'laptop']]
[[1072, 110, 1133, 124, 'person'],[282, 452, 327, 466, 'chair'],[338, 436, 431, 450, 'diningtable']]
[[603, 115, 664, 129, 'person'],[289, 481, 334, 495, 'chair'],[513, 459, 568, 473, 'laptop']]
[[668, 107, 729, 121, 'person'],[285, 477, 330, 491, 'chair'],[509, 458, 564, 472, 'laptop']]
[[998, 104, 1059, 118, 'person'],[303, 480, 348, 494, 'chair'],[359, 445, 452, 459, 'diningtable'],[509, 454, 564, 468, 'laptop']]
[[520, 180, 581, 194, 'person'],[286, 470, 331, 484, 'chair'],[506, 453, 590, 467, 'tvmonitor']]
[[302, 521, 347, 535, 'chair'],[369, 514, 462, 528, 'diningtable']]
[[527, 170, 588, 184, 'person'],[285, 471, 330, 485, 'chair'],[509, 452, 593, 466, 'tvmonitor']]
[[473, 161, 534, 175, 'person']]
[[305, 358, 366, 372, 'person'],[282, 483, 327, 497, 'chair'],[533, 470, 588, 484, 'laptop']]
[[498, 115, 559, 129, 'person'],[280, 457, 325, 471, 'chair']]
[[499, 164, 560, 178, 'person']]
[[498, 82, 559, 96, 'person'],[285, 474, 330, 488, 'chair'],[361, 448, 454, 462, 'diningtable'],[509, 461, 564, 475, 'laptop']]
[[452, 243, 513, 257, 'person']]
[[457, 165, 518, 179, 'person'],[283, 468, 328, 482, 'chair']]
[[857, 159, 918, 173, 'person'],[289, 512, 334, 526, 'chair'],[351, 487, 444, 501, 'diningtable'],[975, 463, 1030, 477, 'laptop']]
[[308, 357, 369, 371, 'person'],[284, 485, 329, 499, 'chair']]
[[519, 169, 580, 183, 'person'],[302, 523, 347, 537, 'chair'],[360, 513, 453, 527, 'diningtable']]
[[781, 109, 842, 123, 'person'],[283, 471, 328, 485, 'chair'],[505, 454, 560, 468, 'laptop']]
[[1099, 121, 1160, 135, 'person'],[304, 479, 349, 493, 'chair'],[357, 445, 450, 459, 'diningtable'],[508, 454, 563, 468, 'laptop']]
[[277, 450, 322, 464, 'chair'],[334, 438, 427, 452, 'diningtable']]
[[332, 350, 393, 364, 'person'],[283, 488, 328, 502, 'chair'],[517, 470, 572, 484, 'laptop']]
[[497, 184, 558, 198, 'person'],[285, 466, 330, 480, 'chair']]
[[303, 523, 348, 537, 'chair'],[369, 514, 462, 528, 'diningtable']]
[[735, 112, 796, 126, 'person'],[283, 472, 328, 486, 'chair'],[384, 444, 477, 458, 'diningtable'],[505, 453, 560, 467, 'laptop']]
[[304, 378, 365, 392, 'person'],[284, 487, 329, 501, 'chair']]
[[784, 110, 845, 124, 'person'],[282, 471, 327, 485, 'chair'],[504, 454, 559, 468, 'laptop']]
[[488, 193, 549, 207, 'person'],[282, 468, 327, 482, 'chair']]
[[318, 391, 379, 405, 'person']]
[[301, 524, 346, 538, 'chair'],[366, 515, 459, 529, 'diningtable']]
[[284, 445, 329, 459, 'chair'],[373, 428, 466, 442, 'diningtable']]
[[772, 117, 833, 131, 'person'],[283, 471, 328, 485, 'chair'],[344, 447, 437, 461, 'diningtable'],[504, 452, 559, 466, 'laptop']]
[[527, 150, 588, 164, 'person'],[301, 521, 346, 535, 'chair'],[356, 517, 449, 531, 'diningtable']]
[[537, 114, 598, 128, 'person'],[286, 483, 331, 497, 'chair'],[509, 461, 564, 475, 'laptop']]
[[797, 138, 858, 152, 'person'],[282, 473, 327, 487, 'chair'],[370, 445, 463, 459, 'diningtable'],[504, 451, 559, 465, 'laptop']]
[[299, 518, 344, 532, 'chair']]
[[319, 346, 380, 360, 'person'],[280, 504, 325, 518, 'chair'],[538, 484, 593, 498, 'laptop']]
[[458, 160, 519, 174, 'person'],[283, 465, 328, 479, 'chair']]
[[453, 237, 514, 251, 'person']]
[[277, 451, 322, 465, 'chair'],[333, 438, 426, 452, 'diningtable']]
[[609, 166, 670, 180, 'person'],[299, 514, 344, 528, 'chair'],[720, 311, 784, 325, 'remote']]
[[309, 349, 370, 363, 'person'],[279, 497, 324, 511, 'chair'],[510, 479, 565, 493, 'laptop']]
[[446, 186, 507, 200, 'person']]
[[605, 112, 666, 126, 'person'],[287, 482, 332, 496, 'chair'],[511, 459, 566, 473, 'laptop']]
[[556, 109, 617, 123, 'person'],[287, 485, 332, 499, 'chair'],[511, 460, 566, 474, 'laptop']]
[[713, 166, 774, 180, 'person'],[302, 521, 347, 535, 'chair'],[840, 342, 904, 356, 'remote']]
[[775, 117, 836, 131, 'person'],[282, 446, 327, 460, 'chair'],[349, 428, 442, 442, 'diningtable'],[785, 82, 890, 96, 'refrigerator']]
[[338, 354, 399, 368, 'person'],[278, 505, 323, 519, 'chair']]
[[799, 113, 860, 127, 'person'],[283, 468, 328, 482, 'chair'],[502, 454, 557, 468, 'laptop']]
[[314, 347, 375, 361, 'person'],[280, 498, 325, 512, 'chair'],[506, 480, 561, 494, 'laptop']]
[[838, 163, 899, 177, 'person'],[300, 517, 345, 531, 'chair'],[343, 488, 436, 502, 'diningtable'],[993, 458, 1036, 472, 'book']]
[[594, 157, 655, 171, 'person'],[302, 516, 347, 530, 'chair'],[693, 299, 757, 313, 'remote']]
[[660, 165, 721, 179, 'person'],[287, 504, 332, 518, 'chair']]
[[276, 449, 321, 463, 'chair'],[338, 437, 431, 451, 'diningtable']]
[[317, 377, 378, 391, 'person'],[283, 489, 328, 503, 'chair']]
[[302, 522, 347, 536, 'chair']]
[[326, 342, 387, 356, 'person'],[281, 493, 326, 507, 'chair'],[518, 472, 573, 486, 'laptop']]
[[283, 441, 328, 455, 'chair'],[334, 430, 427, 444, 'diningtable']]
[[524, 160, 585, 174, 'person'],[288, 479, 333, 493, 'chair']]
[[817, 161, 878, 175, 'person'],[287, 508, 332, 522, 'chair'],[351, 483, 444, 497, 'diningtable']]
[[1075, 116, 1136, 130, 'person'],[304, 479, 349, 493, 'chair'],[354, 444, 447, 458, 'diningtable'],[509, 454, 564, 468, 'laptop']]
[[328, 342, 389, 356, 'person'],[518, 472, 573, 486, 'laptop']]
[[1156, 123, 1217, 137, 'person'],[282, 449, 327, 463, 'chair'],[340, 435, 433, 449, 'diningtable']]
[[806, 145, 867, 159, 'person'],[301, 520, 346, 534, 'chair'],[945, 393, 1000, 407, 'laptop']]
[[654, 120, 715, 134, 'person'],[285, 478, 330, 492, 'chair'],[510, 457, 565, 471, 'laptop']]
[[891, 85, 952, 99, 'person'],[282, 448, 327, 462, 'chair'],[356, 437, 449, 451, 'diningtable']]
[[498, 161, 559, 175, 'person'],[292, 501, 337, 515, 'chair']]
[[460, 167, 521, 181, 'person'],[282, 469, 327, 483, 'chair']]
[[853, 154, 914, 168, 'person'],[301, 514, 346, 528, 'chair'],[345, 487, 438, 501, 'diningtable'],[974, 463, 1029, 477, 'laptop']]
[[773, 167, 834, 181, 'person'],[302, 522, 347, 536, 'chair'],[355, 484, 448, 498, 'diningtable'],[909, 368, 964, 382, 'laptop']]
[[680, 159, 741, 173, 'person'],[287, 504, 332, 518, 'chair']]
[[301, 522, 346, 536, 'chair'],[372, 515, 465, 529, 'diningtable']]
[[280, 443, 325, 457, 'chair'],[329, 677, 374, 691, 'chair'],[333, 434, 426, 448, 'diningtable']]
[[300, 519, 345, 533, 'chair']]
[[1145, 117, 1206, 131, 'person'],[282, 447, 327, 461, 'chair'],[370, 435, 463, 449, 'diningtable']]
[[839, 148, 900, 162, 'person'],[289, 512, 334, 526, 'chair'],[349, 485, 442, 499, 'diningtable'],[979, 475, 1069, 489, 'cell phone']]
[[331, 359, 392, 373, 'person'],[279, 504, 324, 518, 'chair']]
[[874, 110, 935, 124, 'person'],[281, 448, 326, 462, 'chair'],[369, 437, 462, 451, 'diningtable']]
[[1094, 118, 1155, 132, 'person'],[304, 480, 349, 494, 'chair'],[356, 445, 449, 459, 'diningtable'],[507, 454, 562, 468, 'laptop']]
[[567, 172, 628, 186, 'person'],[286, 503, 331, 517, 'chair']]
[[282, 444, 327, 458, 'chair'],[329, 677, 374, 691, 'chair'],[331, 435, 424, 449, 'diningtable']]
[[327, 342, 388, 356, 'person'],[280, 492, 325, 506, 'chair'],[517, 471, 572, 485, 'laptop']]
[[782, 158, 843, 172, 'person'],[303, 523, 348, 537, 'chair'],[351, 484, 444, 498, 'diningtable'],[925, 372, 980, 386, 'laptop']]
[[855, 111, 916, 125, 'person'],[1018, 0, 1104, 14, 'surfboard'],[280, 448, 325, 462, 'chair'],[367, 435, 460, 449, 'diningtable']]
[[533, 160, 594, 174, 'person'],[287, 480, 332, 494, 'chair']]
[[1015, 89, 1076, 103, 'person'],[283, 453, 328, 467, 'chair'],[337, 438, 430, 452, 'diningtable']]
[[488, 122, 549, 136, 'person'],[280, 458, 325, 472, 'chair'],[706, 159, 770, 173, 'remote']]
[[334, 352, 395, 366, 'person'],[283, 487, 328, 501, 'chair'],[517, 472, 572, 486, 'laptop']]
[[287, 476, 332, 490, 'chair'],[361, 450, 454, 464, 'diningtable'],[510, 457, 565, 471, 'laptop']]
[[518, 172, 579, 186, 'person'],[302, 523, 347, 537, 'chair'],[359, 514, 452, 528, 'diningtable']]
[[1012, 131, 1073, 145, 'person'],[282, 453, 327, 467, 'chair'],[337, 436, 430, 450, 'diningtable']]
[[813, 168, 874, 182, 'person'],[299, 517, 344, 531, 'chair'],[953, 410, 1008, 424, 'laptop']]
[[497, 118, 558, 132, 'person'],[279, 456, 324, 470, 'chair']]
[[1064, 116, 1125, 130, 'person'],[303, 480, 348, 494, 'chair'],[354, 446, 447, 460, 'diningtable'],[509, 454, 564, 468, 'laptop']]
[[807, 135, 868, 149, 'person'],[282, 473, 327, 487, 'chair'],[358, 446, 451, 460, 'diningtable'],[505, 451, 560, 465, 'laptop']]
[[788, 112, 849, 126, 'person'],[283, 469, 328, 483, 'chair'],[505, 454, 560, 468, 'laptop']]
[[528, 172, 589, 186, 'person'],[284, 472, 329, 486, 'chair']]
[[475, 195, 536, 209, 'person'],[283, 469, 328, 483, 'chair']]
[[490, 166, 551, 180, 'person']]
[[280, 452, 325, 466, 'chair'],[335, 436, 428, 450, 'diningtable']]
[[393, 256, 454, 270, 'person']]
[[305, 480, 350, 494, 'chair'],[356, 447, 449, 461, 'diningtable'],[508, 454, 563, 468, 'laptop']]
[[513, 111, 574, 125, 'person'],[286, 480, 331, 494, 'chair'],[508, 463, 563, 477, 'laptop'],[510, 546, 590, 560, 'keyboard']]
[[523, 159, 584, 173, 'person'],[290, 498, 335, 512, 'chair']]
[[881, 122, 942, 136, 'person'],[302, 478, 347, 492, 'chair'],[341, 448, 434, 462, 'diningtable'],[506, 455, 561, 469, 'laptop']]
[[300, 520, 345, 534, 'chair']]
[[300, 521, 345, 535, 'chair'],[369, 513, 462, 527, 'diningtable']]
[[279, 454, 324, 468, 'chair'],[330, 441, 423, 455, 'diningtable']]
[[1016, 91, 1077, 105, 'person'],[283, 453, 328, 467, 'chair'],[369, 434, 462, 448, 'diningtable']]
[[956, 123, 1017, 137, 'person'],[302, 478, 347, 492, 'chair'],[358, 443, 451, 457, 'diningtable'],[506, 453, 561, 467, 'laptop']]
[[643, 121, 704, 135, 'person'],[285, 478, 330, 492, 'chair'],[511, 458, 566, 472, 'laptop']]
[[381, 275, 442, 289, 'person'],[278, 494, 323, 508, 'chair']]
[[344, 346, 405, 360, 'person'],[280, 511, 325, 525, 'chair']]
[[538, 168, 599, 182, 'person'],[302, 519, 347, 533, 'chair'],[348, 517, 441, 531, 'diningtable']]
[[662, 137, 723, 151, 'person'],[297, 482, 342, 496, 'chair'],[506, 455, 561, 469, 'laptop']]
[[514, 168, 575, 182, 'person'],[304, 524, 349, 538, 'chair'],[364, 514, 457, 528, 'diningtable']]
[[604, 158, 665, 172, 'person'],[300, 516, 345, 530, 'chair']]
[[283, 443, 328, 457, 'chair'],[334, 431, 427, 445, 'diningtable']]
[[316, 345, 377, 359, 'person'],[280, 494, 325, 508, 'chair'],[527, 484, 582, 498, 'laptop']]
[[834, 167, 895, 181, 'person'],[298, 514, 343, 528, 'chair'],[350, 491, 443, 505, 'diningtable'],[983, 452, 1038, 466, 'laptop']]
[[281, 455, 326, 469, 'chair'],[337, 438, 430, 452, 'diningtable']]
[[309, 348, 370, 362, 'person'],[285, 502, 330, 516, 'chair'],[512, 483, 567, 497, 'laptop']]
[[574, 156, 635, 170, 'person'],[285, 478, 330, 492, 'chair'],[507, 461, 562, 475, 'laptop']]
[[511, 168, 572, 182, 'person'],[292, 502, 326, 516, 'dog']]
[[1095, 125, 1156, 139, 'person'],[304, 480, 349, 494, 'chair'],[355, 444, 448, 458, 'diningtable'],[508, 454, 563, 468, 'laptop']]
[[301, 524, 346, 538, 'chair'],[368, 514, 461, 528, 'diningtable']]
[[300, 524, 345, 538, 'chair'],[349, 495, 442, 509, 'diningtable']]
[[990, 100, 1051, 114, 'person'],[302, 479, 347, 493, 'chair'],[356, 444, 449, 458, 'diningtable'],[507, 454, 562, 468, 'laptop']]
[[515, 164, 576, 178, 'person'],[303, 523, 348, 537, 'chair'],[359, 515, 452, 529, 'diningtable'],[572, 314, 627, 328, 'laptop']]
[[463, 145, 524, 159, 'person'],[281, 462, 326, 476, 'chair']]
[[807, 167, 868, 181, 'person'],[287, 510, 332, 524, 'chair'],[355, 484, 448, 498, 'diningtable']]
[[282, 441, 327, 455, 'chair'],[329, 674, 374, 688, 'chair'],[337, 432, 430, 446, 'diningtable']]
[[870, 113, 931, 127, 'person'],[281, 448, 326, 462, 'chair'],[368, 435, 461, 449, 'diningtable']]
[[787, 114, 848, 128, 'person'],[281, 446, 326, 460, 'chair'],[345, 429, 438, 443, 'diningtable']]
[[253, 443, 298, 457, 'chair'],[372, 429, 465, 443, 'diningtable']]
[[284, 444, 329, 458, 'chair'],[328, 675, 373, 689, 'chair'],[332, 432, 425, 446, 'diningtable']]
[[390, 258, 451, 272, 'person']]
[[276, 448, 321, 462, 'chair'],[335, 437, 428, 451, 'diningtable']]
[[696, 101, 757, 115, 'person'],[280, 447, 325, 461, 'chair'],[357, 433, 450, 447, 'diningtable'],[906, 148, 961, 162, 'laptop']]
[[491, 162, 552, 176, 'person']]
[[305, 480, 350, 494, 'chair'],[360, 447, 453, 461, 'diningtable'],[508, 454, 563, 468, 'laptop']]
[[813, 129, 874, 143, 'person'],[283, 472, 328, 486, 'chair'],[355, 449, 448, 463, 'diningtable'],[505, 451, 560, 465, 'laptop']]
[[280, 442, 325, 456, 'chair'],[326, 434, 419, 448, 'diningtable']]
[[387, 266, 448, 280, 'person']]
[[466, 182, 527, 196, 'person'],[281, 468, 326, 482, 'chair']]
[[830, 163, 891, 177, 'person'],[298, 515, 343, 529, 'chair'],[976, 448, 1031, 462, 'laptop']]
[[580, 170, 641, 184, 'person'],[300, 515, 345, 529, 'chair'],[688, 300, 752, 314, 'remote']]
[[311, 348, 372, 362, 'person'],[285, 502, 330, 516, 'chair'],[512, 482, 567, 496, 'laptop']]
[[623, 151, 684, 165, 'person'],[283, 472, 328, 486, 'chair'],[504, 450, 559, 464, 'laptop']]
[[305, 480, 350, 494, 'chair'],[357, 449, 450, 463, 'diningtable'],[508, 455, 563, 469, 'laptop']]
[[927, 104, 988, 118, 'person'],[282, 454, 327, 468, 'chair'],[365, 435, 458, 449, 'diningtable']]
[[537, 175, 598, 189, 'person'],[288, 502, 333, 516, 'chair']]
[[454, 137, 515, 151, 'person']]
[[585, 76, 646, 90, 'person'],[282, 455, 327, 469, 'chair'],[292, 433, 385, 447, 'diningtable'],[757, 68, 812, 82, 'laptop']]
[[641, 167, 702, 181, 'person'],[304, 519, 349, 533, 'chair'],[350, 491, 443, 505, 'diningtable'],[746, 327, 810, 341, 'remote']]
[[648, 167, 709, 181, 'person'],[304, 519, 349, 533, 'chair'],[357, 490, 450, 504, 'diningtable'],[755, 330, 819, 344, 'remote']]
[[944, 124, 1005, 138, 'person'],[302, 478, 347, 492, 'chair'],[355, 442, 448, 456, 'diningtable'],[505, 453, 560, 467, 'laptop']]
[[300, 522, 345, 536, 'chair'],[371, 513, 464, 527, 'diningtable']]
[[612, 146, 673, 160, 'person'],[287, 476, 332, 490, 'chair'],[510, 461, 565, 475, 'laptop']]
[[393, 258, 454, 272, 'person']]
[[370, 359, 431, 373, 'person']]
[[756, 116, 817, 130, 'person'],[302, 523, 347, 537, 'chair'],[890, 368, 945, 382, 'laptop']]
[[994, 101, 1055, 115, 'person'],[283, 453, 328, 467, 'chair'],[365, 435, 458, 449, 'diningtable']]
[[797, 168, 858, 182, 'person'],[287, 510, 332, 524, 'chair'],[362, 487, 455, 501, 'diningtable']]
[[658, 121, 719, 135, 'person'],[284, 477, 329, 491, 'chair'],[509, 457, 564, 471, 'laptop']]
[[491, 186, 552, 200, 'person'],[282, 467, 327, 481, 'chair']]
[[823, 172, 884, 186, 'person'],[300, 516, 345, 530, 'chair']]
[[794, 104, 855, 118, 'person'],[303, 478, 348, 492, 'chair'],[383, 453, 476, 467, 'diningtable'],[507, 455, 562, 469, 'laptop']]
[[704, 124, 765, 138, 'person'],[303, 481, 348, 495, 'chair'],[505, 454, 560, 468, 'laptop']]
[[775, 101, 836, 115, 'person'],[283, 471, 328, 485, 'chair'],[505, 456, 560, 470, 'laptop']]
[[361, 356, 422, 370, 'person']]
[[300, 479, 345, 493, 'chair'],[365, 449, 458, 463, 'diningtable'],[507, 456, 562, 470, 'laptop']]
[[312, 348, 373, 362, 'person'],[286, 501, 331, 515, 'chair'],[511, 483, 566, 497, 'laptop']]
[[680, 83, 741, 97, 'person'],[281, 446, 326, 460, 'chair'],[362, 433, 455, 447, 'diningtable'],[881, 129, 936, 143, 'laptop']]
[[931, 104, 992, 118, 'person'],[282, 450, 327, 464, 'chair'],[364, 436, 457, 450, 'diningtable']]
[[780, 123, 841, 137, 'person'],[283, 471, 328, 485, 'chair'],[380, 448, 473, 462, 'diningtable'],[504, 452, 559, 466, 'laptop']]
[[699, 125, 760, 139, 'person'],[283, 476, 328, 490, 'chair'],[506, 458, 561, 472, 'laptop']]
[[776, 112, 837, 126, 'person'],[283, 472, 328, 486, 'chair'],[505, 455, 560, 469, 'laptop']]
[[517, 155, 578, 169, 'person'],[292, 499, 337, 513, 'chair']]
[[805, 130, 866, 144, 'person'],[301, 520, 346, 534, 'chair'],[942, 390, 997, 404, 'laptop']]
[[779, 158, 840, 172, 'person'],[286, 510, 331, 524, 'chair']]
[[591, 171, 652, 185, 'person'],[286, 503, 331, 517, 'chair']]
[[313, 344, 374, 358, 'person'],[512, 480, 567, 494, 'laptop']]
[[559, 80, 620, 94, 'person'],[282, 455, 327, 469, 'chair'],[706, 76, 790, 90, 'tvmonitor'],[724, 76, 779, 90, 'laptop']]
[[311, 369, 372, 383, 'person'],[283, 487, 328, 501, 'chair']]
[[305, 480, 350, 494, 'chair'],[357, 447, 450, 461, 'diningtable'],[509, 455, 564, 469, 'laptop']]
[[505, 178, 566, 192, 'person'],[288, 501, 333, 515, 'chair']]
[[401, 254, 462, 268, 'person']]
[[387, 266, 448, 280, 'person']]
[[305, 480, 350, 494, 'chair'],[358, 447, 451, 461, 'diningtable'],[507, 455, 562, 469, 'laptop']]
[[741, 152, 802, 166, 'person'],[284, 475, 329, 489, 'chair'],[347, 441, 440, 455, 'diningtable'],[504, 454, 559, 468, 'laptop']]
[[278, 452, 323, 466, 'chair'],[333, 438, 426, 452, 'diningtable']]
[[796, 142, 857, 156, 'person'],[301, 519, 346, 533, 'chair'],[936, 376, 1000, 390, 'remote']]
[[727, 126, 788, 140, 'person'],[284, 473, 329, 487, 'chair'],[378, 445, 471, 459, 'diningtable'],[504, 458, 559, 472, 'laptop']]
[[456, 187, 517, 201, 'person']]
[[500, 104, 561, 118, 'person'],[287, 480, 332, 494, 'chair'],[371, 449, 464, 463, 'diningtable'],[508, 462, 563, 476, 'laptop']]
[[501, 102, 562, 116, 'person'],[286, 479, 331, 493, 'chair'],[375, 445, 468, 459, 'diningtable'],[508, 461, 563, 475, 'laptop']]
[[827, 162, 888, 176, 'person'],[299, 516, 344, 530, 'chair'],[354, 493, 447, 507, 'diningtable'],[976, 434, 1031, 448, 'laptop']]
[[552, 163, 613, 177, 'person'],[301, 516, 346, 530, 'chair']]
[[803, 119, 864, 133, 'person'],[283, 467, 328, 481, 'chair'],[502, 452, 557, 466, 'laptop']]
[[387, 271, 448, 285, 'person']]
[[286, 475, 331, 489, 'chair'],[362, 451, 455, 465, 'diningtable'],[509, 457, 564, 471, 'laptop']]
[[626, 151, 687, 165, 'person'],[287, 476, 332, 490, 'chair'],[514, 459, 569, 473, 'laptop']]
[[310, 342, 371, 356, 'person'],[515, 481, 570, 495, 'laptop']]
[[410, 201, 471, 215, 'person']]
[[457, 174, 518, 188, 'person']]
[[919, 92, 980, 106, 'person'],[282, 448, 327, 462, 'chair'],[357, 435, 450, 449, 'diningtable']]
[[778, 110, 839, 124, 'person'],[302, 478, 347, 492, 'chair'],[508, 455, 563, 469, 'laptop']]
[[435, 201, 496, 215, 'person']]
[[549, 107, 610, 121, 'person'],[287, 485, 332, 499, 'chair'],[510, 457, 565, 471, 'laptop']]
[[276, 451, 321, 465, 'chair'],[332, 439, 425, 453, 'diningtable']]
[[736, 143, 797, 157, 'person'],[283, 475, 328, 489, 'chair'],[347, 443, 440, 457, 'diningtable'],[505, 455, 560, 469, 'laptop']]
[[790, 112, 851, 126, 'person'],[283, 468, 328, 482, 'chair'],[506, 454, 561, 468, 'laptop']]
[[385, 316, 446, 330, 'person'],[279, 500, 324, 514, 'chair']]
[[1199, 194, 1260, 208, 'person'],[288, 470, 333, 484, 'chair'],[357, 445, 450, 459, 'diningtable'],[506, 453, 561, 467, 'laptop']]
[[298, 521, 343, 535, 'chair']]
[[670, 166, 731, 180, 'person'],[303, 518, 348, 532, 'chair']]
[[463, 140, 524, 154, 'person'],[280, 464, 325, 478, 'chair']]
[[712, 108, 773, 122, 'person'],[281, 446, 326, 460, 'chair'],[353, 432, 446, 446, 'diningtable'],[914, 159, 969, 173, 'laptop']]
[[284, 443, 329, 457, 'chair'],[336, 430, 429, 444, 'diningtable']]
[[740, 94, 801, 108, 'person'],[284, 474, 329, 488, 'chair'],[320, 446, 413, 460, 'diningtable'],[504, 457, 559, 471, 'laptop']]
[[821, 112, 882, 126, 'person'],[304, 482, 349, 496, 'chair'],[359, 455, 452, 469, 'diningtable'],[508, 454, 563, 468, 'laptop']]
[[721, 168, 782, 182, 'person'],[303, 522, 348, 536, 'chair'],[360, 486, 453, 500, 'diningtable'],[851, 346, 915, 360, 'remote']]
[[640, 73, 701, 87, 'person'],[284, 453, 329, 467, 'chair'],[367, 428, 460, 442, 'diningtable'],[824, 81, 879, 95, 'laptop']]
[[1156, 138, 1217, 152, 'person'],[282, 448, 327, 462, 'chair'],[340, 436, 433, 450, 'diningtable']]
[[625, 66, 686, 80, 'person'],[284, 454, 329, 468, 'chair'],[368, 427, 461, 441, 'diningtable'],[804, 70, 859, 84, 'laptop']]
[[890, 105, 951, 119, 'person'],[281, 449, 326, 463, 'chair'],[362, 437, 455, 451, 'diningtable']]
[[311, 343, 372, 357, 'person'],[512, 481, 567, 495, 'laptop']]
[[278, 447, 323, 461, 'chair'],[335, 436, 428, 450, 'diningtable']]
[[285, 443, 330, 457, 'chair'],[374, 430, 467, 444, 'diningtable']]
[[825, 165, 886, 179, 'person'],[288, 509, 333, 523, 'chair'],[351, 484, 444, 498, 'diningtable']]
[[800, 137, 861, 151, 'person'],[282, 473, 327, 487, 'chair'],[365, 448, 458, 462, 'diningtable'],[504, 451, 559, 465, 'laptop']]
[[460, 131, 521, 145, 'person']]
[[312, 347, 373, 361, 'person'],[280, 498, 325, 512, 'chair'],[511, 477, 566, 491, 'laptop']]
[[773, 92, 834, 106, 'person'],[284, 473, 329, 487, 'chair'],[505, 456, 560, 470, 'laptop']]
[[768, 154, 829, 168, 'person'],[286, 510, 331, 524, 'chair'],[352, 484, 445, 498, 'diningtable']]
[[561, 112, 622, 126, 'person'],[287, 482, 332, 496, 'chair'],[511, 461, 566, 475, 'laptop']]
[[277, 452, 322, 466, 'chair'],[336, 437, 429, 451, 'diningtable']]
[[668, 108, 729, 122, 'person'],[286, 478, 331, 492, 'chair'],[385, 439, 478, 453, 'diningtable'],[505, 459, 560, 473, 'laptop']]
[[566, 156, 627, 170, 'person'],[284, 471, 329, 485, 'chair'],[503, 451, 558, 465, 'laptop']]
[[438, 193, 499, 207, 'person']]
[[795, 112, 856, 126, 'person'],[283, 468, 328, 482, 'chair'],[503, 453, 558, 467, 'laptop']]
[[790, 168, 851, 182, 'person'],[287, 511, 332, 525, 'chair'],[332, 484, 425, 498, 'diningtable']]
[[928, 100, 989, 114, 'person'],[281, 448, 326, 462, 'chair'],[362, 437, 455, 451, 'diningtable']]
[[402, 245, 463, 259, 'person']]
[[277, 451, 322, 465, 'chair'],[332, 436, 425, 450, 'diningtable']]
[[501, 103, 562, 117, 'person'],[286, 480, 331, 494, 'chair'],[378, 446, 471, 460, 'diningtable'],[509, 460, 564, 474, 'laptop']]
[[631, 71, 692, 85, 'person'],[284, 454, 329, 468, 'chair'],[368, 433, 461, 447, 'diningtable'],[822, 72, 877, 86, 'laptop']]
[[692, 136, 753, 150, 'person'],[285, 478, 330, 492, 'chair'],[371, 443, 464, 457, 'diningtable'],[505, 458, 560, 472, 'laptop']]
[[1131, 125, 1192, 139, 'person'],[282, 449, 327, 463, 'chair'],[370, 433, 463, 447, 'diningtable']]
[[452, 197, 513, 211, 'person']]
[[795, 151, 856, 165, 'person'],[300, 521, 345, 535, 'chair']]
[[916, 123, 977, 137, 'person'],[302, 478, 347, 492, 'chair'],[357, 445, 450, 459, 'diningtable'],[506, 453, 561, 467, 'laptop']]
[[279, 445, 324, 459, 'chair'],[334, 434, 427, 448, 'diningtable']]
[[586, 164, 647, 178, 'person'],[300, 516, 345, 530, 'chair'],[689, 300, 753, 314, 'remote']]
[[804, 113, 865, 127, 'person'],[303, 479, 348, 493, 'chair'],[372, 452, 465, 466, 'diningtable'],[509, 455, 564, 469, 'laptop']]
[[305, 480, 350, 494, 'chair'],[357, 447, 450, 461, 'diningtable'],[509, 455, 564, 469, 'laptop']]
[[451, 250, 512, 264, 'person']]
[[315, 342, 376, 356, 'person'],[285, 501, 330, 515, 'chair'],[513, 482, 568, 496, 'laptop']]
[[299, 520, 344, 534, 'chair']]
[[844, 167, 905, 181, 'person'],[299, 515, 344, 529, 'chair'],[352, 492, 445, 506, 'diningtable'],[977, 440, 1032, 454, 'laptop']]
[[323, 344, 384, 358, 'person']]
[[280, 442, 325, 456, 'chair'],[325, 435, 418, 449, 'diningtable']]
[[300, 523, 345, 537, 'chair'],[348, 500, 441, 514, 'diningtable']]
[[312, 347, 373, 361, 'person'],[280, 499, 325, 513, 'chair'],[508, 480, 563, 494, 'laptop']]
[[414, 225, 475, 239, 'person']]
[[497, 83, 558, 97, 'person'],[286, 475, 331, 489, 'chair'],[368, 453, 461, 467, 'diningtable'],[509, 460, 564, 474, 'laptop']]
[[533, 96, 594, 110, 'person'],[280, 457, 325, 471, 'chair'],[284, 437, 377, 451, 'diningtable']]
[[386, 276, 447, 290, 'person']]
[[609, 170, 670, 184, 'person'],[287, 502, 332, 516, 'chair']]
[[686, 125, 747, 139, 'person'],[284, 475, 329, 489, 'chair'],[375, 440, 468, 454, 'diningtable'],[505, 457, 560, 471, 'laptop']]
[[803, 129, 864, 143, 'person'],[300, 520, 345, 534, 'chair'],[936, 383, 991, 397, 'laptop']]
[[348, 350, 409, 364, 'person'],[280, 509, 325, 523, 'chair']]
[[728, 105, 789, 119, 'person'],[281, 445, 326, 459, 'chair'],[351, 434, 444, 448, 'diningtable'],[925, 168, 980, 182, 'laptop']]
[[794, 138, 855, 152, 'person'],[283, 473, 328, 487, 'chair'],[370, 447, 463, 461, 'diningtable'],[503, 451, 558, 465, 'laptop']]
[[304, 392, 365, 406, 'person'],[284, 488, 329, 502, 'chair']]
[[506, 180, 567, 194, 'person'],[288, 502, 333, 516, 'chair']]
[[405, 252, 466, 266, 'person']]
[[621, 166, 682, 180, 'person'],[300, 516, 345, 530, 'chair'],[731, 323, 795, 337, 'remote']]
[[557, 173, 618, 187, 'person'],[287, 501, 332, 515, 'chair']]
[[744, 104, 805, 118, 'person'],[282, 446, 327, 460, 'chair'],[351, 431, 444, 445, 'diningtable'],[927, 172, 982, 186, 'laptop']]
[[535, 166, 596, 180, 'person'],[304, 522, 349, 536, 'chair'],[349, 517, 442, 531, 'diningtable'],[609, 297, 664, 311, 'laptop']]
[[818, 157, 879, 171, 'person'],[300, 517, 345, 531, 'chair'],[973, 427, 1028, 441, 'laptop']]
[[279, 451, 324, 465, 'chair'],[339, 437, 432, 451, 'diningtable']]
[[516, 153, 577, 167, 'person'],[303, 521, 348, 535, 'chair'],[357, 513, 450, 527, 'diningtable']]
[[494, 186, 555, 200, 'person'],[283, 467, 328, 481, 'chair']]
[[507, 158, 568, 172, 'person'],[286, 500, 320, 514, 'dog']]
[[656, 87, 717, 101, 'person'],[279, 446, 324, 460, 'chair'],[370, 429, 463, 443, 'diningtable'],[833, 95, 888, 109, 'laptop'],[664, 66, 769, 80, 'refrigerator']]
[[837, 155, 898, 169, 'person'],[287, 509, 332, 523, 'chair'],[354, 488, 447, 502, 'diningtable']]
[[465, 141, 526, 155, 'person'],[280, 463, 325, 477, 'chair']]
[[473, 128, 534, 142, 'person'],[280, 459, 325, 473, 'chair']]
[[958, 94, 1019, 108, 'person'],[281, 454, 326, 468, 'chair'],[360, 437, 453, 451, 'diningtable']]
[[307, 343, 368, 357, 'person'],[516, 483, 571, 497, 'laptop']]
[[1192, 214, 1253, 228, 'person'],[304, 478, 349, 492, 'chair'],[358, 445, 451, 459, 'diningtable'],[506, 454, 561, 468, 'laptop']]
[[408, 236, 469, 250, 'person']]
[[474, 200, 535, 214, 'person'],[283, 467, 328, 481, 'chair'],[770, 471, 818, 485, 'toilet']]
[[283, 456, 328, 470, 'chair'],[339, 438, 432, 452, 'diningtable']]
[[791, 147, 852, 161, 'person'],[300, 520, 345, 534, 'chair']]
[[653, 169, 714, 183, 'person'],[304, 520, 349, 534, 'chair'],[762, 336, 826, 350, 'remote']]
[[1017, 104, 1078, 118, 'person'],[303, 480, 348, 494, 'chair'],[361, 446, 454, 460, 'diningtable'],[509, 454, 564, 468, 'laptop']]
[[596, 152, 657, 166, 'person'],[283, 472, 328, 486, 'chair'],[505, 450, 560, 464, 'laptop']]
[[834, 158, 895, 172, 'person'],[287, 509, 332, 523, 'chair'],[347, 482, 440, 496, 'diningtable']]
[[653, 173, 714, 187, 'person'],[283, 474, 328, 488, 'chair'],[505, 453, 560, 467, 'laptop']]
[[719, 118, 780, 132, 'person'],[284, 474, 329, 488, 'chair'],[371, 449, 464, 463, 'diningtable'],[504, 458, 559, 472, 'laptop']]
[[308, 342, 369, 356, 'person'],[512, 481, 567, 495, 'laptop']]
[[435, 219, 496, 233, 'person']]
[[255, 442, 300, 456, 'chair'],[332, 431, 425, 445, 'diningtable']]
[[277, 450, 322, 464, 'chair'],[332, 437, 425, 451, 'diningtable']]
[[398, 258, 459, 272, 'person']]
[[363, 361, 424, 375, 'person']]
[[1077, 104, 1138, 118, 'person'],[304, 480, 349, 494, 'chair'],[354, 445, 447, 459, 'diningtable'],[508, 454, 563, 468, 'laptop']]
[[737, 160, 798, 174, 'person'],[758, 241, 784, 255, 'tie'],[286, 508, 331, 522, 'chair']]
[[311, 345, 372, 359, 'person'],[512, 474, 567, 488, 'laptop']]
[[686, 171, 747, 185, 'person'],[283, 472, 328, 486, 'chair'],[502, 452, 557, 466, 'laptop']]
[[485, 198, 546, 212, 'person'],[283, 469, 328, 483, 'chair']]
[[519, 118, 580, 132, 'person'],[286, 481, 331, 495, 'chair'],[508, 462, 563, 476, 'laptop']]
[[765, 110, 826, 124, 'person'],[1049, 212, 1103, 226, 'bottle'],[281, 445, 326, 459, 'chair'],[346, 427, 439, 441, 'diningtable'],[787, 116, 892, 130, 'refrigerator']]
[[462, 168, 523, 182, 'person']]
[[546, 155, 607, 169, 'person'],[286, 479, 331, 493, 'chair'],[520, 464, 575, 478, 'laptop']]
[[278, 448, 323, 462, 'chair'],[335, 437, 428, 451, 'diningtable']]
[[527, 161, 588, 175, 'person'],[301, 523, 346, 537, 'chair'],[354, 516, 447, 530, 'diningtable']]
[[471, 160, 532, 174, 'person']]
[[1059, 110, 1120, 124, 'person'],[304, 478, 349, 492, 'chair'],[359, 445, 452, 459, 'diningtable'],[508, 455, 563, 469, 'laptop']]
[[471, 190, 532, 204, 'person']]
[[313, 344, 374, 358, 'person'],[507, 480, 562, 494, 'laptop']]
[[617, 115, 678, 129, 'person'],[287, 482, 332, 496, 'chair'],[512, 460, 567, 474, 'laptop']]
[[682, 128, 743, 142, 'person'],[300, 482, 345, 496, 'chair'],[505, 455, 560, 469, 'laptop']]
[[813, 129, 874, 143, 'person'],[283, 472, 328, 486, 'chair'],[346, 451, 439, 465, 'diningtable'],[502, 451, 557, 465, 'laptop']]
[[707, 165, 768, 179, 'person'],[287, 507, 332, 521, 'chair']]
[[486, 160, 547, 174, 'person']]
[[1199, 187, 1260, 201, 'person'],[288, 469, 333, 483, 'chair'],[356, 445, 449, 459, 'diningtable'],[506, 454, 561, 468, 'laptop']]
[[298, 521, 343, 535, 'chair'],[368, 514, 461, 528, 'diningtable']]
[[600, 159, 661, 173, 'person'],[301, 514, 346, 528, 'chair'],[698, 300, 762, 314, 'remote']]
[[471, 187, 532, 201, 'person']]
[[284, 442, 329, 456, 'chair'],[375, 429, 468, 443, 'diningtable']]
[[545, 112, 606, 126, 'person'],[286, 484, 331, 498, 'chair'],[509, 459, 564, 473, 'laptop']]
[[795, 140, 856, 154, 'person'],[283, 473, 328, 487, 'chair'],[366, 446, 459, 460, 'diningtable'],[504, 451, 559, 465, 'laptop']]
[[284, 443, 329, 457, 'chair'],[373, 429, 466, 443, 'diningtable']]
[[706, 90, 767, 104, 'person'],[303, 521, 348, 535, 'chair'],[373, 488, 466, 502, 'diningtable'],[825, 335, 889, 349, 'remote']]
[[964, 97, 1025, 111, 'person'],[282, 454, 327, 468, 'chair'],[364, 435, 457, 449, 'diningtable']]
[[369, 277, 430, 291, 'person'],[278, 497, 323, 511, 'chair']]
[[721, 117, 782, 131, 'person'],[284, 474, 329, 488, 'chair'],[316, 442, 409, 456, 'diningtable'],[502, 458, 557, 472, 'laptop']]
[[484, 193, 545, 207, 'person'],[282, 469, 327, 483, 'chair']]
[[843, 115, 904, 129, 'person'],[280, 449, 325, 463, 'chair'],[369, 433, 462, 447, 'diningtable']]
[[546, 167, 607, 181, 'person'],[301, 517, 346, 531, 'chair']]
[[372, 358, 433, 372, 'person']]
[[301, 522, 346, 536, 'chair']]
[[459, 141, 520, 155, 'person']]
[[318, 345, 379, 359, 'person'],[285, 500, 330, 514, 'chair'],[515, 481, 570, 495, 'laptop']]
[[312, 347, 373, 361, 'person'],[280, 498, 325, 512, 'chair'],[508, 482, 563, 496, 'laptop']]
[[634, 171, 695, 185, 'person'],[303, 518, 348, 532, 'chair'],[355, 494, 448, 508, 'diningtable'],[741, 324, 805, 338, 'remote']]
[[284, 443, 329, 457, 'chair'],[335, 429, 428, 443, 'diningtable']]
[[317, 344, 378, 358, 'person'],[280, 504, 325, 518, 'chair'],[534, 484, 589, 498, 'laptop']]
[[806, 151, 867, 165, 'person'],[300, 518, 345, 532, 'chair']]
[[282, 440, 327, 454, 'chair'],[329, 673, 374, 687, 'chair'],[334, 430, 427, 444, 'diningtable']]
[[814, 120, 875, 134, 'person'],[283, 468, 328, 482, 'chair'],[351, 453, 444, 467, 'diningtable'],[499, 451, 554, 465, 'laptop']]
[[283, 440, 328, 454, 'chair'],[329, 674, 374, 688, 'chair'],[334, 430, 427, 444, 'diningtable']]
[[305, 480, 350, 494, 'chair'],[356, 447, 449, 461, 'diningtable'],[508, 455, 563, 469, 'laptop']]
[[914, 88, 975, 102, 'person'],[282, 445, 327, 459, 'chair'],[359, 435, 452, 449, 'diningtable']]
[[627, 117, 688, 131, 'person'],[286, 480, 331, 494, 'chair'],[512, 461, 567, 475, 'laptop']]
[[384, 269, 445, 283, 'person']]
[[397, 250, 458, 264, 'person']]
[[735, 154, 796, 168, 'person'],[284, 476, 329, 490, 'chair'],[352, 443, 445, 457, 'diningtable'],[505, 455, 560, 469, 'laptop']]
[[328, 346, 389, 360, 'person'],[283, 489, 328, 503, 'chair'],[515, 470, 570, 484, 'laptop']]
[[566, 115, 627, 129, 'person'],[287, 482, 332, 496, 'chair'],[511, 460, 566, 474, 'laptop']]
[[768, 122, 829, 136, 'person'],[283, 471, 328, 485, 'chair'],[504, 452, 559, 466, 'laptop']]
[[576, 170, 637, 184, 'person'],[300, 516, 345, 530, 'chair'],[677, 299, 741, 313, 'remote']]
[[525, 177, 586, 191, 'person'],[285, 472, 330, 486, 'chair'],[508, 450, 592, 464, 'tvmonitor']]
[[770, 116, 831, 130, 'person'],[282, 445, 327, 459, 'chair'],[349, 427, 442, 441, 'diningtable'],[789, 63, 894, 77, 'refrigerator']]
[[1113, 117, 1174, 131, 'person'],[304, 479, 349, 493, 'chair'],[358, 445, 451, 459, 'diningtable'],[508, 454, 563, 468, 'laptop']]
[[284, 520, 329, 534, 'chair']]
[[1114, 107, 1175, 121, 'person'],[304, 479, 349, 493, 'chair'],[359, 445, 452, 459, 'diningtable'],[508, 454, 563, 468, 'laptop']]
[[462, 157, 523, 171, 'person'],[282, 463, 327, 477, 'chair']]
[[356, 339, 417, 353, 'person'],[281, 499, 326, 513, 'chair']]
[[302, 520, 347, 534, 'chair'],[371, 512, 464, 526, 'diningtable']]
[[810, 134, 871, 148, 'person'],[283, 472, 328, 486, 'chair'],[355, 449, 448, 463, 'diningtable'],[505, 451, 560, 465, 'laptop']]
[[756, 113, 817, 127, 'person'],[284, 473, 329, 487, 'chair'],[504, 457, 559, 471, 'laptop']]
[[314, 342, 375, 356, 'person'],[508, 483, 563, 497, 'laptop']]
[[312, 348, 373, 362, 'person'],[279, 498, 324, 512, 'chair'],[509, 479, 564, 493, 'laptop']]
[[751, 94, 812, 108, 'person'],[284, 473, 329, 487, 'chair'],[506, 457, 561, 471, 'laptop']]
[[278, 453, 323, 467, 'chair'],[333, 438, 426, 452, 'diningtable']]
[[728, 116, 789, 130, 'person'],[283, 474, 328, 488, 'chair'],[383, 440, 476, 454, 'diningtable'],[504, 454, 559, 468, 'laptop']]
[[486, 195, 547, 209, 'person'],[283, 469, 328, 483, 'chair'],[775, 472, 823, 486, 'toilet']]
[[284, 443, 329, 457, 'chair'],[373, 429, 466, 443, 'diningtable']]
[[519, 165, 580, 179, 'person'],[302, 522, 347, 536, 'chair'],[364, 514, 457, 528, 'diningtable']]
[[301, 522, 346, 536, 'chair']]
[[301, 524, 346, 538, 'chair'],[368, 516, 461, 530, 'diningtable']]
[[750, 140, 811, 154, 'person'],[302, 521, 347, 535, 'chair'],[320, 482, 413, 496, 'diningtable'],[860, 359, 915, 373, 'laptop']]
[[671, 130, 732, 144, 'person'],[298, 482, 343, 496, 'chair'],[508, 456, 563, 470, 'laptop']]
[[302, 524, 347, 538, 'chair'],[366, 514, 459, 528, 'diningtable']]
[[679, 114, 740, 128, 'person'],[285, 478, 330, 492, 'chair'],[387, 438, 480, 452, 'diningtable'],[504, 456, 559, 470, 'laptop']]
[[728, 130, 789, 144, 'person'],[302, 521, 347, 535, 'chair'],[356, 484, 449, 498, 'diningtable'],[859, 347, 923, 361, 'remote']]
[[861, 99, 922, 113, 'person'],[281, 449, 326, 463, 'chair'],[363, 434, 456, 448, 'diningtable']]
[[864, 123, 925, 137, 'person'],[302, 480, 347, 494, 'chair'],[341, 453, 434, 467, 'diningtable'],[514, 457, 569, 471, 'laptop']]
[[890, 123, 951, 137, 'person'],[302, 478, 347, 492, 'chair'],[341, 445, 434, 459, 'diningtable'],[507, 454, 562, 468, 'laptop']]
[[284, 445, 329, 459, 'chair'],[371, 429, 464, 443, 'diningtable']]
[[559, 163, 620, 177, 'person'],[299, 517, 344, 531, 'chair']]
[[511, 183, 572, 197, 'person'],[285, 468, 330, 482, 'chair']]
[[791, 110, 852, 124, 'person'],[283, 468, 328, 482, 'chair'],[504, 453, 559, 467, 'laptop']]
[[309, 375, 370, 389, 'person'],[284, 487, 329, 501, 'chair']]
[[305, 356, 366, 370, 'person'],[283, 483, 328, 497, 'chair'],[535, 470, 590, 484, 'laptop']]
[[696, 130, 757, 144, 'person'],[283, 475, 328, 489, 'chair'],[507, 457, 562, 471, 'laptop']]
[[280, 442, 325, 456, 'chair'],[331, 433, 424, 447, 'diningtable']]
[[679, 161, 740, 175, 'person'],[305, 521, 350, 535, 'chair']]
[[463, 175, 524, 189, 'person'],[281, 467, 326, 481, 'chair']]
[[253, 442, 298, 456, 'chair'],[373, 428, 466, 442, 'diningtable']]
[[315, 349, 376, 363, 'person'],[278, 496, 323, 510, 'chair'],[528, 484, 583, 498, 'laptop']]
[[462, 152, 523, 166, 'person'],[282, 463, 327, 477, 'chair']]
[[633, 147, 694, 161, 'person'],[286, 476, 331, 490, 'chair'],[514, 456, 569, 470, 'laptop']]
[[718, 158, 779, 172, 'person'],[284, 475, 329, 489, 'chair'],[353, 440, 446, 454, 'diningtable'],[506, 454, 561, 468, 'laptop']]
[[360, 376, 421, 390, 'person']]
[[718, 99, 779, 113, 'person'],[283, 475, 328, 489, 'chair'],[371, 450, 464, 464, 'diningtable'],[505, 458, 560, 472, 'laptop']]
[[498, 97, 559, 111, 'person'],[284, 477, 329, 491, 'chair'],[367, 447, 460, 461, 'diningtable'],[509, 462, 564, 476, 'laptop']]
[[459, 173, 520, 187, 'person']]
[[323, 345, 384, 359, 'person']]
[[481, 199, 542, 213, 'person'],[283, 468, 328, 482, 'chair']]
[[498, 101, 559, 115, 'person'],[286, 480, 331, 494, 'chair'],[370, 447, 463, 461, 'diningtable'],[508, 462, 563, 476, 'laptop']]
[[302, 480, 347, 494, 'chair'],[360, 448, 453, 462, 'diningtable'],[509, 456, 564, 470, 'laptop']]
[[281, 455, 326, 469, 'chair'],[335, 437, 428, 451, 'diningtable']]
[[325, 361, 386, 375, 'person'],[279, 503, 324, 517, 'chair']]
[[478, 195, 539, 209, 'person'],[283, 466, 328, 480, 'chair']]
[[362, 346, 423, 360, 'person']]
[[740, 143, 801, 157, 'person'],[302, 520, 347, 534, 'chair'],[358, 482, 451, 496, 'diningtable'],[860, 351, 915, 365, 'laptop']]
[[460, 172, 521, 186, 'person'],[281, 470, 326, 484, 'chair']]